9999.44 -1.85731 -200.489
9999.22 -2.22876 -200.484
9998.96 -2.6002 -200.479
9998.66 -2.97164 -200.473
9998.33 -3.34306 -200.467
9997.96 -3.71446 -200.459
9997.55 -4.08586 -200.451
9997.1 -4.45724 -200.442
9996.62 -4.8286 -200.432
9996.1 -5.19994 -200.422
9995.54 -5.57126 -200.411
9994.95 -5.94256 -200.399
9994.32 -6.31384 -200.386
9993.65 -6.6851 -200.373
9992.94 -7.05632 -200.359
9992.2 -7.42753 -200.344
9991.42 -7.7987 -200.328
9990.6 -8.16984 -200.312
9989.75 -8.54095 -200.295
9988.86 -8.91203 -200.277
9987.93 -9.28307 -200.259
9986.96 -9.65408 -200.239
9985.96 -10.025 -200.219
9984.92 -10.396 -200.198
9983.85 -10.7669 -200.177
9982.73 -11.1377 -200.155
9981.58 -11.5085 -200.132
9980.39 -11.8793 -200.108
9979.17 -12.25 -200.083
9977.91 -12.6206 -200.058
9976.61 -12.9913 -200.032
9975.27 -13.3618 -200.005
9973.9 -13.7323 -199.978
9972.49 -14.1028 -199.95
9971.04 -14.4732 -199.921
9969.56 -14.8435 -199.891
9968.03 -15.2138 -199.861
9966.48 -15.584 -199.83
9964.88 -15.9542 -199.798
9963.25 -16.3243 -199.765
9961.58 -16.6943 -199.732
9959.87 -17.0643 -199.697
9958.13 -17.4342 -199.663
9956.35 -17.8041 -199.627
9954.53 -18.1738 -199.591
9952.68 -18.5435 -199.554
9950.79 -18.9131 -199.516
9948.86 -19.2827 -199.477
9946.89 -19.6522 -199.438
9944.89 -20.0215 -199.398
9942.85 -20.3909 -199.357
9940.77 -20.7601 -199.315
9938.66 -21.1292 -199.273
9936.51 -21.4983 -199.23
9934.32 -21.8673 -199.186
9932.1 -22.2362 -199.142
9929.84 -22.605 -199.097
9927.54 -22.9737 -199.051
9925.21 -23.3423 -199.004
9922.84 -23.7109 -198.957
9920.43 -24.0793 -198.909
9917.99 -24.4476 -198.86
9915.5 -24.8159 -198.81
9912.99 -25.184 -198.76
9910.43 -25.5521 -198.709
9907.84 -25.92 -198.657
9905.21 -26.2879 -198.604
9902.54 -26.6556 -198.551
9899.84 -27.0232 -198.497
9897.1 -27.3908 -198.442
9894.33 -27.7582 -198.387
9891.51 -28.1255 -198.33
9888.66 -28.4927 -198.273
9885.78 -28.8598 -198.216
9882.86 -29.2267 -198.157
9879.9 -29.5936 -198.098
9876.9 -29.9603 -198.038
9873.87 -30.3269 -197.977
9870.8 -30.6934 -197.916
9867.69 -31.0598 -197.854
9864.55 -31.426 -197.791
9861.37 -31.7921 -197.727
9858.16 -32.1581 -197.663
9854.9 -32.524 -197.598
9851.61 -32.8897 -197.532
9848.29 -33.2553 -197.466
9844.93 -33.6208 -197.399
9841.53 -33.9861 -197.331
9838.09 -34.3513 -197.262
9834.62 -34.7164 -197.192
9831.11 -35.0813 -197.122
9827.57 -35.4461 -197.051
9823.99 -35.8107 -196.98
9820.37 -36.1752 -196.907
9816.72 -36.5396 -196.834
9813.03 -36.9038 -196.761
9809.3 -37.2678 -196.686
9805.54 -37.6318 -196.611
9801.74 -37.9955 -196.535
9797.9 -38.3591 -196.458
9794.03 -38.7226 -196.381
9790.12 -39.0859 -196.302
9786.17 -39.449 -196.223
9782.19 -39.812 -196.144
9778.18 -40.1748 -196.064
9774.12 -40.5374 -195.982
9770.03 -40.8999 -195.901
9765.91 -41.2623 -195.818
9761.74 -41.6244 -195.735
9757.54 -41.9864 -195.651
9753.31 -42.3483 -195.566
9749.04 -42.7099 -195.481
9744.73 -43.0714 -195.395
9740.39 -43.4327 -195.308
9736.01 -43.7938 -195.22
9731.59 -44.1548 -195.132
9727.14 -44.5156 -195.043
9722.65 -44.8762 -194.953
9718.13 -45.2366 -194.863
9713.57 -45.5968 -194.771
9708.97 -45.9569 -194.679
9704.34 -46.3167 -194.587
9699.68 -46.6764 -194.494
9694.97 -47.0359 -194.399
9690.23 -47.3952 -194.305
9685.46 -47.7543 -194.209
9680.65 -48.1132 -194.113
9675.8 -48.4719 -194.016
9670.92 -48.8305 -193.918
9666 -49.1888 -193.82
9661.04 -49.5469 -193.721
9656.05 -49.9048 -193.621
9651.03 -50.2626 -193.521
9645.96 -50.6201 -193.419
9640.87 -50.9774 -193.317
9635.73 -51.3345 -193.215
9630.56 -51.6914 -193.111
9625.36 -52.0481 -193.007
9620.12 -52.4045 -192.902
9614.84 -52.7608 -192.797
9609.53 -53.1168 -192.691
9604.18 -53.4727 -192.584
9598.8 -53.8283 -192.476
9593.38 -54.1837 -192.368
9587.93 -54.5388 -192.259
9582.44 -54.8938 -192.149
9576.91 -55.2485 -192.038
9571.35 -55.603 -191.927
9565.76 -55.9573 -191.815
9560.13 -56.3113 -191.703
9554.46 -56.6651 -191.589
9548.76 -57.0187 -191.475
9543.02 -57.372 -191.36
9537.25 -57.7252 -191.245
9531.44 -58.078 -191.129
9525.6 -58.4307 -191.012
9519.72 -58.7831 -190.894
9513.81 -59.1352 -190.776
9507.86 -59.4871 -190.657
9501.87 -59.8388 -190.537
9495.85 -60.1902 -190.417
9489.8 -60.5414 -190.296
9483.71 -60.8923 -190.174
9477.59 -61.243 -190.052
9471.43 -61.5934 -189.929
9465.23 -61.9436 -189.805
9459 -62.2935 -189.68
9452.74 -62.6432 -189.555
9446.44 -62.9926 -189.429
9440.11 -63.3417 -189.302
9433.74 -63.6906 -189.175
9427.33 -64.0392 -189.047
9420.89 -64.3876 -188.918
9414.42 -64.7357 -188.788
9407.91 -65.0835 -188.658
9401.37 -65.431 -188.527
9394.79 -65.7783 -188.396
9388.18 -66.1253 -188.264
9381.53 -66.472 -188.131
9374.85 -66.8185 -187.997
9368.13 -67.1647 -187.863
9361.38 -67.5106 -187.728
9354.6 -67.8562 -187.592
9347.78 -68.2016 -187.456
9340.92 -68.5466 -187.318
9334.03 -68.8914 -187.181
9327.11 -69.2359 -187.042
9320.15 -69.5801 -186.903
9313.16 -69.924 -186.763
9306.13 -70.2676 -186.623
9299.07 -70.611 -186.481
9291.97 -70.954 -186.339
9284.84 -71.2967 -186.197
9277.68 -71.6392 -186.054
9270.48 -71.9813 -185.91
9263.25 -72.3232 -185.765
9255.98 -72.6647 -185.62
9248.68 -73.0059 -185.474
9241.35 -73.3469 -185.327
9233.98 -73.6875 -185.18
9226.58 -74.0278 -185.032
9219.14 -74.3678 -184.883
9211.67 -74.7075 -184.733
9204.17 -75.0469 -184.583
9196.63 -75.386 -184.433
9189.05 -75.7247 -184.281
9181.45 -76.0632 -184.129
9173.81 -76.4013 -183.976
9166.13 -76.7391 -183.823
9158.43 -77.0766 -183.669
9150.68 -77.4137 -183.514
9142.91 -77.7506 -183.358
9135.1 -78.0871 -183.202
9127.26 -78.4232 -183.045
9119.38 -78.7591 -182.888
9111.47 -79.0946 -182.729
9103.53 -79.4298 -182.571
9095.55 -79.7646 -182.411
9087.54 -80.0991 -182.251
9079.5 -80.4333 -182.09
9071.42 -80.7671 -181.928
9063.31 -81.1006 -181.766
9055.17 -81.4338 -181.603
9046.99 -81.7666 -181.44
9038.78 -82.099 -181.276
9030.54 -82.4311 -181.111
9022.26 -82.7629 -180.945
9013.95 -83.0943 -180.779
9005.61 -83.4253 -180.612
8997.24 -83.7561 -180.445
8988.83 -84.0864 -180.277
8980.39 -84.4164 -180.108
8971.91 -84.746 -179.938
8963.4 -85.0753 -179.768
8954.86 -85.4042 -179.597
8946.29 -85.7328 -179.426
8937.68 -86.0609 -179.254
8929.05 -86.3888 -179.081
8920.37 -86.7162 -178.907
8911.67 -87.0433 -178.733
8902.93 -87.37 -178.559
8894.16 -87.6963 -178.383
8885.36 -88.0223 -178.207
8876.53 -88.3479 -178.031
8867.66 -88.6731 -177.853
8858.76 -88.9979 -177.675
8849.83 -89.3224 -177.497
8840.86 -89.6465 -177.317
8831.87 -89.9702 -177.137
8822.84 -90.2935 -176.957
8813.77 -90.6164 -176.775
8804.68 -90.9389 -176.594
8795.55 -91.261 -176.411
8786.4 -91.5828 -176.228
8777.21 -91.9041 -176.044
8767.98 -92.2251 -175.86
8758.73 -92.5456 -175.675
8749.44 -92.8658 -175.489
8740.12 -93.1856 -175.302
8730.77 -93.5049 -175.115
8721.39 -93.8239 -174.928
8711.98 -94.1425 -174.74
8702.53 -94.4606 -174.551
8693.05 -94.7784 -174.361
8683.54 -95.0957 -174.171
8674 -95.4126 -173.98
8664.43 -95.7291 -173.789
8654.82 -96.0452 -173.596
8645.19 -96.3609 -173.404
8635.52 -96.6762 -173.21
8625.82 -96.991 -173.016
8616.09 -97.3055 -172.822
8606.33 -97.6195 -172.627
8596.54 -97.9331 -172.431
8586.71 -98.2462 -172.234
8576.85 -98.5589 -172.037
8566.97 -98.8713 -171.839
8557.05 -99.1831 -171.641
8547.1 -99.4946 -171.442
8537.12 -99.8056 -171.242
8527.11 -100.116 -171.042
8517.07 -100.426 -170.841
8506.99 -100.736 -170.64
8496.89 -101.045 -170.438
8486.75 -101.354 -170.235
8476.59 -101.663 -170.032
8466.39 -101.97 -169.828
8456.16 -102.278 -169.623
8445.9 -102.585 -169.418
8435.61 -102.892 -169.212
8425.29 -103.198 -169.006
8414.94 -103.504 -168.799
8404.56 -103.809 -168.591
8394.15 -104.114 -168.383
8383.71 -104.418 -168.174
8373.24 -104.722 -167.965
8362.73 -105.025 -167.755
8352.2 -105.328 -167.544
8341.64 -105.631 -167.333
8331.04 -105.933 -167.121
8320.42 -106.234 -166.908
8309.77 -106.535 -166.695
8299.08 -106.836 -166.482
8288.37 -107.136 -166.267
8277.63 -107.436 -166.053
8266.85 -107.735 -165.837
8256.05 -108.034 -165.621
8245.22 -108.332 -165.404
8234.35 -108.63 -165.187
8223.46 -108.927 -164.969
8212.54 -109.224 -164.751
8201.59 -109.521 -164.532
8190.6 -109.816 -164.312
8179.59 -110.112 -164.092
8168.55 -110.407 -163.871
8157.48 -110.701 -163.65
8146.38 -110.995 -163.428
8135.25 -111.288 -163.205
8124.1 -111.581 -162.982
8112.91 -111.874 -162.758
8101.69 -112.166 -162.534
8090.45 -112.457 -162.309
8079.17 -112.748 -162.083
8067.87 -113.039 -161.857
8056.54 -113.329 -161.631
8045.17 -113.618 -161.403
8033.78 -113.907 -161.176
8022.36 -114.196 -160.947
8010.91 -114.483 -160.718
7999.44 -114.771 -160.489
7987.93 -115.058 -160.259
7976.4 -115.344 -160.028
7964.83 -115.63 -159.797
7953.24 -115.915 -159.565
7941.62 -116.2 -159.332
7929.97 -116.485 -159.099
7918.3 -116.768 -158.866
7906.59 -117.052 -158.632
7894.86 -117.335 -158.397
7883.1 -117.617 -158.162
7871.31 -117.899 -157.926
7859.49 -118.18 -157.69
7847.64 -118.46 -157.453
7835.77 -118.741 -157.215
7823.87 -119.02 -156.977
7811.94 -119.299 -156.739
7799.98 -119.578 -156.5
7787.99 -119.856 -156.26
7775.98 -120.133 -156.02
7763.94 -120.41 -155.779
7751.87 -120.687 -155.537
7739.77 -120.962 -155.295
7727.65 -121.238 -155.053
7715.5 -121.512 -154.81
7703.32 -121.787 -154.566
7691.12 -122.06 -154.322
7678.88 -122.333 -154.078
7666.62 -122.606 -153.832
7654.33 -122.878 -153.587
7642.02 -123.149 -153.34
7629.68 -123.42 -153.094
7617.31 -123.691 -152.846
7604.91 -123.96 -152.598
7592.49 -124.23 -152.35
7580.04 -124.498 -152.101
7567.56 -124.766 -151.851
7555.06 -125.034 -151.601
7542.53 -125.301 -151.351
7529.97 -125.567 -151.099
7517.39 -125.833 -150.848
7504.78 -126.098 -150.596
7492.14 -126.363 -150.343
7479.48 -126.627 -150.09
7466.79 -126.891 -149.836
7454.08 -127.154 -149.582
7441.33 -127.416 -149.327
7428.57 -127.678 -149.071
7415.77 -127.939 -148.815
7402.95 -128.2 -148.559
7390.11 -128.46 -148.302
7377.23 -128.72 -148.045
7364.34 -128.978 -147.787
7351.41 -129.237 -147.528
7338.46 -129.495 -147.269
7325.49 -129.752 -147.01
7312.49 -130.008 -146.75
7299.46 -130.264 -146.489
7286.41 -130.52 -146.228
7273.33 -130.774 -145.967
7260.23 -131.029 -145.705
7247.1 -131.282 -145.442
7233.95 -131.535 -145.179
7220.77 -131.788 -144.915
7207.56 -132.039 -144.651
7194.33 -132.291 -144.387
7181.08 -132.541 -144.122
7167.8 -132.791 -143.856
7154.5 -133.04 -143.59
7141.17 -133.289 -143.323
7127.81 -133.537 -143.056
7114.44 -133.785 -142.789
7101.03 -134.032 -142.521
7087.61 -134.278 -142.252
7074.15 -134.524 -141.983
7060.68 -134.769 -141.714
7047.17 -135.014 -141.443
7033.65 -135.257 -141.173
7020.1 -135.501 -140.902
7006.52 -135.743 -140.63
6992.93 -135.985 -140.359
6979.3 -136.227 -140.086
6965.66 -136.467 -139.813
6951.99 -136.707 -139.54
6938.29 -136.947 -139.266
6924.57 -137.186 -138.991
6910.83 -137.424 -138.717
6897.06 -137.662 -138.441
6883.27 -137.899 -138.165
6869.46 -138.135 -137.889
6855.68 -137.81 -137.614
6841.93 -137.486 -137.339
6828.21 -137.162 -137.064
6814.53 -136.839 -136.791
6800.88 -136.516 -136.518
6787.23 -136.475 -136.245
6773.62 -136.152 -135.972
6760.03 -135.83 -135.701
6746.48 -135.509 -135.43
6732.96 -135.188 -135.159
6719.48 -134.867 -134.89
6705.97 -135.107 -134.619
6692.49 -134.787 -134.35
6679.04 -134.466 -134.081
6665.63 -134.146 -133.813
6652.24 -133.827 -133.545
6638.89 -133.508 -133.278
6625.57 -133.19 -133.011
6612.29 -132.872 -132.746
6599.03 -132.554 -132.481
6585.81 -132.237 -132.216
6572.62 -131.921 -131.952
6559.4 -132.165 -131.688
6546.21 -131.848 -131.424
6533.06 -131.532 -131.161
6519.94 -131.216 -130.899
6506.85 -130.901 -130.637
6493.79 -130.586 -130.376
6480.76 -130.271 -130.115
6467.77 -129.958 -129.855
6454.8 -129.644 -129.596
6441.87 -129.331 -129.337
6428.91 -129.566 -129.078
6415.99 -129.253 -128.82
6403.09 -128.94 -128.562
6390.23 -128.628 -128.305
6377.4 -128.316 -128.048
6364.6 -128.004 -127.792
6351.83 -127.694 -127.537
6339.09 -127.383 -127.282
6326.38 -127.073 -127.028
6313.71 -126.764 -126.774
6301.01 -127.015 -126.52
6288.34 -126.705 -126.267
6275.7 -126.396 -126.014
6263.09 -126.087 -125.762
6250.51 -125.779 -125.51
6237.96 -125.471 -125.259
6225.45 -125.164 -125.009
6212.96 -124.857 -124.759
6200.51 -124.55 -124.51
6188.08 -124.244 -124.262
6175.63 -124.499 -124.013
6163.21 -124.193 -123.764
6150.82 -123.887 -123.516
6138.47 -123.582 -123.269
6126.14 -123.277 -123.023
6113.84 -122.972 -122.777
6101.57 -122.668 -122.531
6089.34 -122.365 -122.287
6077.13 -122.062 -122.043
6064.96 -121.759 -121.799
6052.75 -122.017 -121.555
6040.58 -121.714 -121.312
6028.44 -121.412 -121.069
6016.33 -121.11 -120.827
6004.25 -120.809 -120.585
5992.2 -120.508 -120.344
5980.18 -120.207 -120.104
5968.19 -119.907 -119.864
5956.23 -119.607 -119.625
5944.24 -119.868 -119.385
5932.28 -119.568 -119.146
5920.36 -119.269 -118.907
5908.46 -118.97 -118.669
5896.59 -118.671 -118.432
5884.75 -118.373 -118.195
5872.95 -118.076 -117.959
5861.17 -117.778 -117.723
5849.42 -117.481 -117.488
5837.65 -117.746 -117.253
5825.9 -117.449 -117.018
5814.19 -117.152 -116.784
5802.5 -116.856 -116.55
5790.84 -116.56 -116.317
5779.22 -116.265 -116.084
5767.62 -115.97 -115.852
5756.05 -115.676 -115.621
5744.52 -115.382 -115.39
5732.95 -115.649 -115.159
5721.41 -115.355 -114.928
5709.91 -115.061 -114.698
5698.43 -114.768 -114.469
5686.98 -114.475 -114.24
5675.57 -114.182 -114.011
5664.18 -113.89 -113.784
5652.82 -113.599 -113.556
5641.49 -113.308 -113.33
5630.13 -113.577 -113.103
5618.8 -113.286 -112.876
5607.5 -112.995 -112.65
5596.23 -112.705 -112.425
5584.99 -112.415 -112.2
5573.78 -112.125 -111.976
5562.59 -111.836 -111.752
5551.44 -111.547 -111.529
5540.31 -111.259 -111.306
5529.16 -111.531 -111.083
5518.03 -111.243 -110.861
5506.94 -110.955 -110.639
5495.87 -110.667 -110.417
5484.83 -110.38 -110.197
5473.83 -110.093 -109.977
5462.84 -109.806 -109.757
5451.89 -109.52 -109.538
5440.91 -109.795 -109.318
5429.96 -109.509 -109.099
5419.04 -109.223 -108.881
5408.15 -108.938 -108.663
5397.28 -108.653 -108.446
5386.44 -108.369 -108.229
5375.64 -108.085 -108.013
5364.86 -107.801 -107.797
5354.1 -107.518 -107.582
5343.32 -107.795 -107.366
5332.57 -107.512 -107.151
5321.85 -107.229 -106.937
5311.16 -106.946 -106.723
5300.49 -106.664 -106.51
5289.85 -106.382 -106.297
5279.24 -106.101 -106.085
5268.66 -105.82 -105.873
5258.05 -106.099 -105.661
5247.47 -105.818 -105.449
5236.91 -105.537 -105.238
5226.39 -105.257 -105.028
5215.89 -104.977 -104.818
5205.42 -104.698 -104.608
5194.98 -104.418 -104.4
5184.56 -104.14 -104.191
5174.12 -104.422 -103.982
5163.71 -104.143 -103.774
5153.32 -103.864 -103.566
5142.96 -103.586 -103.359
5132.63 -103.308 -103.153
5122.33 -103.031 -102.947
5112.05 -102.754 -102.741
5101.81 -102.478 -102.536
5091.53 -102.762 -102.331
5081.28 -102.485 -102.126
5071.06 -102.209 -101.921
5060.87 -101.933 -101.717
5050.7 -101.658 -101.514
5040.56 -101.382 -101.311
5030.45 -101.108 -101.109
5020.34 -101.092 -100.907
5010.26 -100.818 -100.705
5000.21 -100.544 -100.504
4990.18 -100.27 -100.304
4980.12 -100.557 -100.102
4970.1 -100.283 -99.9019
4960.09 -100.01 -99.7019
4950.12 -99.737 -99.5024
4940.17 -99.4644 -99.3035
4930.26 -99.1922 -99.1051
4920.36 -98.9204 -98.9073
4910.5 -98.6489 -98.71
4900.6 -98.9384 -98.5121
4890.74 -98.6667 -98.3148
4880.9 -98.3955 -98.118
4871.09 -98.1246 -97.9217
4861.3 -97.8542 -97.726
4851.54 -97.5841 -97.5308
4841.81 -97.3144 -97.3362
4832.05 -97.6056 -97.141
4822.32 -97.3357 -96.9463
4812.61 -97.0662 -96.7522
4802.93 -96.7971 -96.5586
4793.28 -96.5284 -96.3655
4783.65 -96.26 -96.173
4774.05 -95.992 -95.981
4764.48 -95.7244 -95.7896
4754.88 -96.0177 -95.5976
4745.3 -95.7499 -95.4061
4735.75 -95.4825 -95.2151
4726.23 -95.2155 -95.0247
4716.74 -94.9489 -94.8348
4707.27 -94.6826 -94.6454
4697.83 -94.4167 -94.4566
4688.36 -94.7117 -94.2671
4678.91 -94.4456 -94.0782
4669.49 -94.1799 -93.8899
4660.1 -93.9146 -93.7021
4650.74 -93.6496 -93.5148
4641.4 -93.3851 -93.328
4632.09 -93.1209 -93.1417
4622.75 -93.4175 -92.9549
4613.43 -93.1531 -92.7686
4604.14 -92.8891 -92.5828
4594.88 -92.6255 -92.3976
4585.64 -92.3622 -92.2129
4576.43 -92.0993 -92.0287
4567.25 -91.8367 -91.845
4558.04 -92.135 -91.6607
4548.85 -91.8723 -91.477
4539.69 -91.6099 -91.2937
4530.55 -91.3479 -91.1111
4521.44 -91.0863 -90.9289
4512.36 -90.825 -90.7472
4503.31 -90.5641 -90.5661
4494.24 -90.6009 -90.3849
4485.21 -90.3403 -90.2042
4476.2 -90.08 -90.0241
4467.22 -89.82 -89.8444
4458.21 -90.1209 -89.6642
4449.22 -89.8608 -89.4845
4440.26 -89.601 -89.3053
4431.33 -89.3416 -89.1266
4422.42 -89.0826 -88.9484
4413.54 -88.8239 -88.7708
4404.68 -88.5656 -88.5936
4395.79 -88.8681 -88.4159
4386.93 -88.6096 -88.2387
4378.1 -88.3514 -88.062
4369.29 -88.0936 -87.8858
4360.51 -87.8362 -87.7101
4351.75 -87.5791 -87.5349
4343.02 -87.3224 -87.3603
4334.25 -87.6265 -87.1851
4325.52 -87.3696 -87.0103
4316.8 -87.113 -86.8361
4308.12 -86.8568 -86.6624
4299.46 -86.6009 -86.4892
4290.82 -86.3454 -86.3165
4282.21 -86.0902 -86.1443
4273.58 -86.3959 -85.9715
4264.96 -86.1405 -85.7992
4256.37 -85.8855 -85.6275
4247.81 -85.6309 -85.4562
4239.27 -85.3766 -85.2854
4230.76 -85.1226 -85.1152
4222.27 -84.869 -84.9455
4213.76 -85.1762 -84.7751
4205.26 -84.9224 -84.6053
4196.8 -84.6689 -84.4359
4188.35 -84.4158 -84.2671
4179.94 -84.1631 -84.0988
4171.55 -83.9106 -83.9309
4163.13 -84.219 -83.7625
4154.73 -83.9664 -83.5946
4146.36 -83.7142 -83.4271
4138.01 -83.4622 -83.2602
4129.69 -83.2106 -83.0938
4121.39 -82.9594 -82.9279
4113.12 -82.7085 -82.7625
4104.82 -83.0184 -82.5964
4096.54 -82.7673 -82.4309
4088.29 -82.5165 -82.2659
4080.07 -82.2661 -82.1013
4071.86 -82.016 -81.9373
4063.69 -81.7663 -81.7738
4055.48 -82.0773 -81.6096
4047.3 -81.8274 -81.446
4039.14 -81.5778 -81.2828
4031.01 -81.3285 -81.1201
4022.9 -81.0796 -80.958
4014.82 -80.831 -80.7963
4006.76 -80.5827 -80.6352
3998.67 -80.8952 -80.4734
3990.6 -80.6468 -80.3121
3982.56 -80.3987 -80.1513
3974.55 -80.1509 -79.991
3966.56 -79.9034 -79.8312
3958.59 -79.6562 -79.6719
3950.6 -79.9699 -79.5119
3942.62 -79.7226 -79.3525
3934.68 -79.4756 -79.1935
3926.75 -79.2289 -79.0351
3918.85 -78.9826 -78.8771
3910.98 -78.7365 -78.7196
3903.13 -78.4908 -78.5626
3895.25 -78.806 -78.405
3887.4 -78.5601 -78.2479
3879.56 -78.3145 -78.0913
3871.76 -78.0693 -77.9351
3863.97 -77.8244 -77.7795
3856.22 -77.5798 -77.6243
3848.43 -77.896 -77.4685
3840.66 -77.6512 -77.3132
3832.92 -77.4068 -77.1584
3825.2 -77.1626 -77.0041
3817.51 -76.9188 -76.8503
3809.85 -76.6753 -76.6969
3802.15 -76.9926 -76.5429
3794.47 -76.7489 -76.3894
3786.82 -76.5055 -76.2364
3779.19 -76.2625 -76.0839
3771.59 -76.0197 -75.9318
3764.01 -75.7773 -75.7803
3756.43 -75.8893 -75.6285
3748.86 -75.647 -75.4772
3741.32 -75.405 -75.3264
3733.8 -75.1633 -75.1761
3726.26 -75.4824 -75.0251
3718.73 -75.2405 -74.8746
3711.23 -74.999 -74.7246
3703.76 -74.7577 -74.5751
3696.3 -74.5168 -74.4261
3688.88 -74.2762 -74.2775
3681.45 -74.2988 -74.1289
3674.04 -74.0584 -73.9808
3666.66 -73.8183 -73.8332
3659.25 -74.139 -73.6849
3651.86 -73.8988 -73.5371
3644.49 -73.6588 -73.3898
3637.15 -73.4192 -73.243
3629.83 -73.1798 -73.0966
3622.54 -72.9408 -72.9507
3615.21 -73.2626 -72.8042
3607.91 -73.0233 -72.6581
3600.63 -72.7844 -72.5126
3593.37 -72.5458 -72.3675
3586.14 -72.3075 -72.2229
3578.94 -72.0695 -72.0787
3571.7 -72.3923 -71.9339
3564.48 -72.1541 -71.7896
3557.29 -71.9162 -71.6458
3550.12 -71.6786 -71.5024
3542.98 -71.4413 -71.3596
3535.86 -71.2043 -71.2172
3528.71 -71.5281 -71.0741
3521.58 -71.2909 -70.9315
3514.47 -71.0541 -70.7894
3507.39 -70.8175 -70.6478
3500.33 -70.5812 -70.5066
3493.3 -70.3452 -70.3659
3486.23 -70.67 -70.2246
3479.19 -70.4338 -70.0837
3472.17 -70.198 -69.9433
3465.17 -69.9624 -69.8034
3458.2 -69.7271 -69.6639
3451.25 -69.4921 -69.525
3444.27 -69.8179 -69.3853
3437.31 -69.5827 -69.2462
3430.37 -69.3478 -69.1075
3423.46 -69.1132 -68.9692
3416.57 -68.8789 -68.8315
3409.71 -68.6449 -68.6942
3402.81 -68.9717 -68.5562
3395.94 -68.7375 -68.4188
3389.09 -68.5036 -68.2818
3382.26 -68.2699 -68.1452
3375.46 -68.0366 -68.0091
3368.68 -67.8035 -67.8735
3361.86 -68.1313 -67.7373
3355.07 -67.8981 -67.6015
3348.31 -67.6651 -67.4662
3341.56 -67.4324 -67.3313
3334.84 -67.2001 -67.1969
3328.15 -66.9762 -67.0629
3321.42 -67.3049 -66.9283
3314.71 -67.0726 -66.7942
3308.02 -66.8406 -66.6605
3301.36 -66.6089 -66.5273
3294.73 -66.3775 -66.3945
3288.06 -66.7068 -66.2611
3281.41 -66.4752 -66.1282
3274.78 -66.2438 -65.9957
3268.18 -66.0128 -65.8636
3261.6 -65.782 -65.7321
3255.05 -65.5515 -65.601
3248.46 -65.8818 -65.4692
3241.9 -65.6511 -65.3379
3235.35 -65.4207 -65.2071
3228.83 -65.1906 -65.0767
3222.34 -64.9607 -64.9468
3215.87 -64.7311 -64.8173
3209.36 -65.0623 -64.6872
3202.88 -64.8326 -64.5575
3196.42 -64.6031 -64.4283
3189.98 -64.3739 -64.2996
3183.56 -64.1449 -64.1713
3177.12 -64.4768 -64.0423
3170.69 -64.2477 -63.9138
3164.29 -64.0188 -63.7858
3157.91 -63.7902 -63.6582
3151.55 -63.5619 -63.5311
3145.22 -63.3339 -63.4044
3138.85 -63.6666 -63.2771
3132.51 -63.4384 -63.1502
3126.19 -63.2105 -63.0238
3119.89 -62.9828 -62.8978
3113.62 -62.7554 -62.7723
3107.31 -63.0888 -62.6461
3101.02 -62.8612 -62.5204
3094.76 -62.6339 -62.3951
3088.52 -62.4068 -62.2703
3082.3 -62.18 -62.146
3076.1 -61.9535 -62.0221
3069.87 -62.2878 -61.8975
3063.67 -62.0611 -61.7734
3057.48 -61.8346 -61.6497
3051.32 -61.6085 -61.5265
3045.19 -61.3826 -61.4037
3039.01 -61.7174 -61.2803
3032.86 -61.4913 -61.1573
3026.74 -61.2655 -61.0348
3020.63 -61.04 -60.9127
3014.55 -60.8147 -60.7911
3008.49 -60.5896 -60.6699
3002.4 -60.9253 -60.548
2996.33 -60.7001 -60.4266
2990.28 -60.4752 -60.3057
2984.26 -60.2505 -60.1852
2978.26 -60.026 -60.0651
2972.22 -60.3623 -59.9444
2966.21 -60.1377 -59.8241
2960.21 -59.9133 -59.7043
2954.25 -59.6892 -59.5849
2948.3 -59.4654 -59.466
2942.35 -59.4618 -59.3471
2936.43 -59.2382 -59.2286
2930.53 -59.0148 -59.1106
2924.59 -59.3522 -58.9918
2918.68 -59.1287 -58.8736
2912.79 -58.9054 -58.7558
2906.92 -58.6824 -58.6384
2901.07 -58.4596 -58.5215
2895.2 -58.7976 -58.4039
2889.34 -58.5746 -58.2868
2883.5 -58.352 -58.17
2877.69 -58.1295 -58.0538
2871.9 -57.9073 -57.938
2866.07 -58.2459 -57.8215
2860.27 -58.0235 -57.7054
2854.49 -57.8014 -57.5898
2848.73 -57.5795 -57.4747
2843 -57.3579 -57.36
2837.25 -57.4409 -57.2451
2831.53 -57.2194 -57.1306
2825.83 -56.9981 -57.0166
2820.1 -57.3376 -56.902
2814.39 -57.1162 -56.7877
2808.7 -56.895 -56.6739
2803.03 -56.6741 -56.5606
2797.38 -56.4534 -56.4477
2791.76 -56.233 -56.3352
2786.1 -56.5733 -56.2221
2780.47 -56.3526 -56.1094
2774.86 -56.1323 -55.9971
2769.26 -55.9121 -55.8853
2763.69 -55.6922 -55.7739
2758.09 -56.0331 -55.6618
2752.51 -55.813 -55.5502
2746.95 -55.5932 -55.439
2741.41 -55.3736 -55.3283
2735.9 -55.1543 -55.218
2730.35 -55.4957 -55.107
2724.82 -55.2761 -54.9964
2719.32 -55.0569 -54.8863
2713.83 -54.8378 -54.7766
2708.37 -54.619 -54.6674
2702.87 -54.961 -54.5575
2697.4 -54.742 -54.448
2691.95 -54.5232 -54.3389
2686.52 -54.3047 -54.2303
2681.11 -54.0865 -54.1222
2675.66 -54.4289 -54.0133
2670.24 -54.2105 -53.9049
2664.84 -53.9923 -53.7969
2659.47 -53.7743 -53.6893
2654.11 -53.5566 -53.5822
2648.72 -53.8996 -53.4744
2643.35 -53.6817 -53.3671
2638.01 -53.464 -53.2601
2632.68 -53.2466 -53.1536
2627.38 -53.0294 -53.0476
2622.04 -53.3729 -52.9408
2616.73 -53.1555 -52.8345
2611.43 -52.9384 -52.7287
2606.16 -52.7214 -52.6232
2600.91 -52.5047 -52.5182
2595.63 -52.8488 -52.4125
2590.36 -52.6319 -52.3072
2585.12 -52.4153 -52.2024
2579.9 -52.1989 -52.098
2574.7 -51.9827 -51.994
2569.47 -52.3273 -51.8894
2564.26 -52.1109 -51.7852
2559.07 -51.8948 -51.6814
2553.9 -51.6789 -51.578
2548.75 -51.4632 -51.4751
2543.57 -51.8083 -51.3715
2538.41 -51.5925 -51.2683
2533.28 -51.3769 -51.1655
2528.16 -51.1615 -51.0632
2523.07 -50.9463 -50.9613
2517.94 -51.2919 -50.8587
2512.83 -51.0765 -50.7566
2507.74 -50.8614 -50.6549
2502.68 -50.6466 -50.5536
2497.64 -50.4319 -50.4527
2492.56 -50.7779 -50.3512
2487.5 -50.5631 -50.25
2482.47 -50.3485 -50.1493
2477.45 -50.1341 -50.0491
2472.46 -49.92 -49.9492
2467.43 -50.2665 -49.8487
2462.43 -50.0522 -49.7486
2457.45 -49.838 -49.6489
2452.48 -49.6241 -49.5497
2447.54 -49.4105 -49.4508
2442.57 -49.7575 -49.3513
2437.61 -49.5437 -49.2522
2432.68 -49.33 -49.1536
2427.77 -49.1166 -49.0553
2422.88 -48.9034 -48.9575
2417.95 -49.2509 -48.859
2413.05 -49.0376 -48.761
2408.17 -48.8244 -48.6633
2403.3 -48.6115 -48.5661
2398.46 -48.3988 -48.4693
2393.59 -48.7467 -48.3718
2388.74 -48.5339 -48.2747
2383.9 -48.3212 -48.1781
2379.09 -48.1087 -48.0819
2374.3 -47.8965 -47.9861
2369.48 -48.2449 -47.8896
2364.68 -48.0325 -47.7935
2359.89 -47.8203 -47.6979
2355.13 -47.6083 -47.6027
2350.39 -47.3966 -47.5079
2345.62 -47.7455 -47.4124
2340.87 -47.5335 -47.3173
2336.13 -47.3218 -47.2227
2331.42 -47.1103 -47.1285
2326.68 -47.4595 -47.0335
2321.95 -47.2478 -46.939
2317.25 -47.0363 -46.845
2312.57 -46.825 -46.7513
2307.9 -46.614 -46.6581
2303.21 -46.9636 -46.5642
2298.53 -46.7524 -46.4707
2293.88 -46.5414 -46.3776
2289.25 -46.3305 -46.2849
2284.63 -46.1199 -46.1927
2279.99 -46.47 -46.0997
2275.36 -46.2592 -46.0072
2270.76 -46.0487 -45.9151
2266.17 -45.8383 -45.8234
2261.61 -45.6281 -45.7322
2257.01 -45.9787 -45.6402
2252.43 -45.7684 -45.5487
2247.88 -45.5582 -45.4576
2243.34 -45.3483 -45.3669
2238.77 -45.6991 -45.2755
2234.22 -45.489 -45.1845
2229.7 -45.2792 -45.0939
2225.19 -45.0695 -45.0038
2220.7 -44.86 -44.9141
2216.18 -45.2112 -44.8237
2211.68 -45.0016 -44.7337
2207.2 -44.7922 -44.6441
2202.75 -44.5829 -44.5549
2198.31 -44.3739 -44.4662
2193.84 -44.7255 -44.3767
2189.38 -44.5163 -44.2877
2184.95 -44.3073 -44.1991
2180.54 -44.0985 -44.1109
2176.1 -44.4504 -44.022
2171.67 -44.2415 -43.9335
2167.27 -44.0327 -43.8454
2162.89 -43.8241 -43.7578
2158.53 -43.6158 -43.6705
2154.13 -43.9681 -43.5826
2149.75 -43.7595 -43.4951
2145.4 -43.5512 -43.408
2141.06 -43.3431 -43.3213
2136.75 -43.1351 -43.235
2132.4 -43.4878 -43.148
2128.07 -43.2797 -43.0615
2123.77 -43.0718 -42.9753
2119.48 -42.8641 -42.8896
2115.16 -43.2171 -42.8032
2110.86 -43.0092 -42.7172
2106.58 -42.8015 -42.6316
2102.32 -42.594 -42.5464
2098.08 -42.3867 -42.4616
2093.81 -42.7401 -42.3761
2089.55 -42.5326 -42.291
2085.32 -42.3254 -42.2064
2081.11 -42.1183 -42.1222
2076.88 -42.3152 -42.0375
2072.67 -42.1081 -41.9533
2068.48 -41.9012 -41.8695
2064.31 -41.6945 -41.7861
2060.1 -42.0485 -41.702
2055.92 -41.8416 -41.6183
2051.75 -41.6349 -41.5351
2047.61 -41.4284 -41.4522
2043.43 -41.7826 -41.3687
2039.27 -41.576 -41.2855
2035.14 -41.3695 -41.2028
2031.02 -41.1633 -41.1204
2026.93 -40.9572 -41.0385
2022.79 -41.3118 -40.9559
2018.68 -41.1055 -40.8737
2014.59 -40.8995 -40.7919
2010.52 -40.6936 -40.7105
2006.42 -41.0484 -40.6284
2002.34 -40.8424 -40.5467
1998.27 -40.6365 -40.4654
1994.23 -40.4309 -40.3846
1990.21 -40.2254 -40.3041
1986.15 -40.5806 -40.223
1982.11 -40.375 -40.1422
1978.09 -40.1695 -40.0619
1974.1 -39.9643 -39.982
1970.07 -40.3197 -39.9013
1966.05 -40.1143 -39.8211
1962.06 -39.909 -39.7413
1958.09 -39.704 -39.6619
1954.14 -39.4991 -39.5829
1950.16 -39.8549 -39.5032
1946.19 -39.6498 -39.4239
1942.25 -39.445 -39.345
1938.32 -39.2403 -39.2665
1934.36 -39.5963 -39.1873
1930.43 -39.3915 -39.1085
1926.51 -39.1869 -39.0301
1922.61 -38.9824 -38.9522
1918.73 -38.7781 -38.8746
1914.82 -39.1345 -38.7963
1910.92 -38.9301 -38.7185
1907.05 -38.7258 -38.641
1903.2 -38.5217 -38.564
1899.31 -38.8783 -38.4862
1895.44 -38.674 -38.4089
1891.6 -38.47 -38.3319
1887.77 -38.2661 -38.2554
1883.96 -38.0624 -38.1793
1880.12 -38.4193 -38.1024
1876.3 -38.2155 -38.026
1872.5 -38.0118 -37.95
1868.72 -37.8083 -37.8744
1864.9 -38.1654 -37.798
1861.11 -37.9618 -37.7221
1857.33 -37.7583 -37.6466
1853.57 -37.555 -37.5715
1849.78 -37.9123 -37.4957
1846.01 -37.7088 -37.4203
1842.26 -37.5055 -37.3452
1838.53 -37.3024 -37.2706
1834.82 -37.0995 -37.1964
1831.08 -37.4572 -37.1215
1827.35 -37.2541 -37.047
1823.65 -37.0511 -36.9729
1819.96 -36.8484 -36.8992
1816.24 -37.2063 -36.8248
1812.54 -37.0034 -36.7508
1808.86 -36.8006 -36.6772
1805.2 -36.5981 -36.604
1801.51 -36.9148 -36.5302
1797.84 -36.7122 -36.4567
1794.19 -36.5097 -36.3837
1790.56 -36.3073 -36.3111
1786.91 -36.505 -36.2381
1783.27 -36.3027 -36.1655
1779.66 -36.1005 -36.0933
1776.07 -35.8985 -36.0215
1772.45 -36.2571 -35.949
1768.84 -36.0549 -35.8769
1765.26 -35.8529 -35.8052
1761.69 -35.6511 -35.7339
1758.09 -36.0099 -35.6618
1754.51 -35.8079 -35.5902
1750.95 -35.6061 -35.519
1747.41 -35.4045 -35.4482
1743.83 -35.7635 -35.3767
1740.28 -35.5617 -35.3056
1736.74 -35.3601 -35.2348
1733.23 -35.1586 -35.1645
1729.68 -35.4766 -35.0936
1726.15 -35.2751 -35.023
1722.64 -35.0737 -34.9529
1719.16 -34.8724 -34.8831
1715.63 -35.2318 -34.8127
1712.13 -35.0304 -34.7426
1708.65 -34.8292 -34.6729
1705.18 -34.6281 -34.6037
1701.74 -34.4272 -34.5348
1698.26 -34.7869 -34.4653
1694.8 -34.5859 -34.3961
1691.37 -34.385 -34.3273
1687.95 -34.1842 -34.2589
1684.49 -34.5441 -34.1899
1681.06 -34.3433 -34.1212
1677.64 -34.1425 -34.0529
1674.25 -33.942 -33.985
1670.82 -34.3021 -33.9164
1667.41 -34.1014 -33.8482
1664.02 -33.9008 -33.7804
1660.65 -33.7004 -33.713
1657.24 -34.0607 -33.6449
1653.86 -33.8602 -33.5772
1650.49 -33.6598 -33.5098
1647.15 -33.4596 -33.4429
1643.82 -33.2595 -33.3764
1640.46 -33.6201 -33.3092
1637.12 -33.4199 -33.2423
1633.79 -33.2199 -33.1759
1630.49 -33.02 -33.1098
1627.15 -33.3807 -33.0431
1623.84 -33.1807 -32.9767
1620.54 -32.9808 -32.9108
1617.26 -32.7811 -32.8452
1613.95 -33.142 -32.7789
1610.65 -32.9422 -32.713
1607.38 -32.7425 -32.6475
1604.12 -32.5429 -32.5825
1600.83 -32.904 -32.5166
1597.56 -32.7043 -32.4512
1594.31 -32.5048 -32.3862
1591.08 -32.3054 -32.3216
1587.81 -32.6666 -32.2563
1584.57 -32.4671 -32.1913
1581.34 -32.2678 -32.1268
1578.13 -32.0685 -32.0627
1574.95 -31.8695 -31.9989
1571.72 -32.231 -31.9345
1568.52 -32.0318 -31.8704
1565.34 -31.8328 -31.8067
1562.17 -31.6339 -31.7435
1558.97 -31.9956 -31.6795
1555.79 -31.7965 -31.6159
1552.63 -31.5977 -31.5527
1549.49 -31.3989 -31.4899
1546.32 -31.7608 -31.4264
1543.16 -31.5619 -31.3633
1540.03 -31.3632 -31.3005
1536.91 -31.1646 -31.2382
1533.76 -31.5266 -31.1751
1530.62 -31.3279 -31.1125
1527.51 -31.1294 -31.0502
1524.42 -30.9309 -30.9884
1521.29 -31.2931 -30.9258
1518.18 -31.0946 -30.8636
1515.09 -30.8962 -30.8018
1512.02 -30.6979 -30.7404
1508.91 -31.0603 -30.6783
1505.83 -30.8619 -30.6166
1502.76 -30.6636 -30.5552
1499.72 -30.4655 -30.4943
1496.63 -30.828 -30.4326
1493.57 -30.6298 -30.3714
1490.53 -30.4317 -30.3105
1487.5 -30.2337 -30.2501
1484.44 -30.5964 -30.1889
1481.4 -30.3983 -30.1281
1478.38 -30.2004 -30.0677
1475.38 -30.0026 -30.0077
1472.36 -30.2768 -29.9471
1469.35 -30.079 -29.8869
1466.36 -29.8812 -29.8272
1463.39 -29.6837 -29.7678
1460.39 -30.0467 -29.7077
1457.4 -29.849 -29.648
1454.44 -29.6514 -29.5887
1451.49 -29.454 -29.5298
1448.51 -29.8172 -29.4702
1445.55 -29.6196 -29.4109
1442.6 -29.4222 -29.3521
1439.68 -29.2249 -29.2936
1436.72 -29.5882 -29.2345
1433.78 -29.3908 -29.1757
1430.87 -29.1936 -29.1173
1427.97 -28.9964 -29.0593
1425.03 -29.3599 -29.0006
1422.11 -29.1627 -28.9423
1419.22 -28.9655 -28.8843
1416.34 -28.7685 -28.8268
1413.43 -29.1322 -28.7685
1410.53 -28.9351 -28.7107
1407.66 -28.7381 -28.6532
1404.81 -28.5412 -28.5961
1401.91 -28.905 -28.5383
1399.04 -28.7081 -28.4809
1396.19 -28.5112 -28.4239
1393.36 -28.3145 -28.3672
1390.49 -28.6785 -28.3099
1387.65 -28.4816 -28.2529
1384.82 -28.285 -28.1963
1382.01 -28.0884 -28.1402
1379.16 -28.4525 -28.0833
1376.34 -28.2558 -28.0267
1373.53 -28.0593 -27.9706
1370.74 -27.8628 -27.9149
1367.92 -28.2271 -27.8584
1365.12 -28.0305 -27.8024
1362.34 -27.8341 -27.7467
1359.57 -27.6379 -27.6914
1356.77 -28.0022 -27.6354
1353.99 -27.8058 -27.5798
1351.23 -27.6096 -27.5246
1348.49 -27.4134 -27.4698
1345.71 -27.7779 -27.4142
1342.95 -27.5817 -27.3591
1340.21 -27.3856 -27.3043
1337.5 -27.1896 -27.2499
1334.74 -27.5542 -27.1948
1332 -27.3581 -27.1401
1329.29 -27.1621 -27.0858
1326.59 -26.9663 -27.0318
1323.86 -27.331 -26.9772
1321.14 -27.1351 -26.9229
1318.45 -26.9392 -26.869
1315.78 -26.7435 -26.8155
1313.07 -27.1084 -26.7613
1310.37 -26.9126 -26.7075
1307.7 -26.7169 -26.6541
1305.05 -26.5213 -26.601
1302.36 -26.8863 -26.5472
1299.69 -26.6906 -26.4939
1297.04 -26.495 -26.4409
1294.41 -26.2996 -26.3883
1291.75 -26.6648 -26.3349
1289.1 -26.4692 -26.282
1286.47 -26.2738 -26.2295
1283.86 -26.0785 -26.1773
1281.22 -26.4438 -26.1244
1278.6 -26.2483 -26.0719
1275.99 -26.053 -26.0198
1273.4 -25.8578 -25.9681
1270.78 -26.2233 -25.9156
1268.18 -26.028 -25.8636
1265.6 -25.8328 -25.8119
1263.03 -25.6378 -25.7606
1260.43 -26.0033 -25.7086
1257.85 -25.8082 -25.657
1255.29 -25.6131 -25.6058
1252.75 -25.4182 -25.555
1250.17 -25.7839 -25.5034
1247.61 -25.5889 -25.4522
1245.07 -25.3939 -25.4014
1242.5 -25.7596 -25.3499
1239.94 -25.5646 -25.2988
1237.4 -25.3697 -25.248
1234.88 -25.1749 -25.1977
1232.33 -25.5408 -25.1466
1229.8 -25.3459 -25.0959
1227.28 -25.1511 -25.0456
1224.78 -24.9564 -24.9957
1222.25 -25.3224 -24.9451
1219.74 -25.1276 -24.8948
1217.25 -24.933 -24.8449
1214.77 -24.7385 -24.7955
1212.26 -25.1045 -24.7452
1209.77 -24.9099 -24.6954
1207.3 -24.7154 -24.646
1204.85 -24.521 -24.597
1202.36 -24.8872 -24.5472
1199.89 -24.6927 -24.4978
1197.44 -24.4983 -24.4488
1195.01 -24.304 -24.4002
1192.54 -24.6703 -24.3509
1190.09 -24.4759 -24.3019
1187.67 -24.2817 -24.2533
1185.26 -24.0875 -24.2052
1182.81 -24.4539 -24.1563
1180.39 -24.2597 -24.1077
1177.98 -24.0655 -24.0596
1175.59 -23.8715 -24.0119
1173.17 -24.2381 -23.9634
1170.76 -24.0439 -23.9153
1168.38 -23.8499 -23.8676
1165.96 -24.2165 -23.8192
1163.56 -24.0223 -23.7711
1161.17 -23.8283 -23.7235
1158.81 -23.6344 -23.6762
1156.41 -24.0011 -23.6282
1154.03 -23.8071 -23.5806
1151.67 -23.6132 -23.5333
1149.33 -23.4194 -23.4865
1146.95 -23.7862 -23.4389
1144.59 -23.5923 -23.3918
1142.25 -23.3985 -23.345
1139.93 -23.2049 -23.2985
1137.57 -23.5718 -23.2514
1135.23 -23.378 -23.2046
1132.91 -23.1844 -23.1583
1130.61 -22.9908 -23.1123
1128.28 -23.3578 -23.0656
1125.96 -23.1642 -23.0193
1123.67 -22.9706 -22.9733
1121.35 -23.1139 -22.9271
1119.06 -22.9204 -22.8812
1116.79 -22.7269 -22.8358
1114.48 -23.0941 -22.7896
1112.19 -22.9006 -22.7438
1109.92 -22.7072 -22.6984
1107.67 -22.5139 -22.6534
1105.38 -22.8812 -22.6076
1103.11 -22.6878 -22.5622
1100.86 -22.4945 -22.5172
1098.58 -22.8618 -22.4715
1096.31 -22.6684 -22.4262
1094.06 -22.4751 -22.3812
1091.83 -22.282 -22.3367
1089.57 -22.6494 -22.2914
1087.32 -22.4561 -22.2464
1085.1 -22.2629 -22.2019
1082.89 -22.0699 -22.1578
1080.65 -22.4374 -22.1129
1078.42 -22.2442 -22.0684
1076.22 -22.0512 -22.0243
1074.03 -21.8582 -21.9806
1071.81 -22.2259 -21.9361
1069.6 -22.0328 -21.8921
1067.42 -21.8399 -21.8484
1065.2 -22.2075 -21.804
1063 -22.0145 -21.76
1060.82 -21.8215 -21.7163
1058.65 -21.6287 -21.6731
1056.45 -21.9964 -21.6291
1054.27 -21.8035 -21.5855
1052.11 -21.6107 -21.5422
1049.97 -21.418 -21.4994
1047.79 -21.7858 -21.4558
1045.63 -21.593 -21.4126
1043.49 -21.4003 -21.3698
1041.37 -21.2076 -21.3274
1039.21 -21.5756 -21.2843
1037.08 -21.3829 -21.2415
1034.96 -21.1903 -21.1991
1032.8 -21.5583 -21.156
1030.66 -21.3656 -21.1133
1028.55 -21.1729 -21.0709
1026.45 -20.9804 -21.029
1024.31 -21.3485 -20.9863
1022.2 -21.1559 -20.944
1020.1 -20.9634 -20.902
1018.02 -20.771 -20.8605
1015.91 -21.1392 -20.8182
1013.82 -20.9467 -20.7763
1011.74 -20.7543 -20.7348
1009.68 -20.562 -20.6937
1007.59 -20.9303 -20.6518
1005.52 -20.7379 -20.6104
1003.46 -20.5456 -20.5693
1001.37 -20.9139 -20.5274
999.3 -20.7215 -20.486
997.247 -20.5292 -20.4449
995.213 -20.337 -20.4043
993.142 -20.7054 -20.3628
991.091 -20.5132 -20.3218
989.059 -20.321 -20.2812
987.046 -20.1289 -20.2409
984.996 -20.4974 -20.1999
982.966 -20.3052 -20.1593
980.955 -20.1131 -20.1191
978.91 -20.4426 -20.0782
976.885 -20.2504 -20.0377
974.879 -20.0583 -19.9976
972.893 -19.8664 -19.9579
970.869 -20.235 -19.9174
968.865 -20.043 -19.8773
966.88 -19.851 -19.8376
964.914 -19.6591 -19.7983
962.911 -20.0279 -19.7582
960.928 -19.8359 -19.7186
958.963 -19.6441 -19.6793
956.962 -20.0128 -19.6392
954.98 -19.8208 -19.5996
953.017 -19.629 -19.5603
951.073 -19.4372 -19.5215
949.093 -19.8061 -19.4819
947.131 -19.6142 -19.4426
945.189 -19.4225 -19.4038
943.266 -19.2308 -19.3653
941.306 -19.5997 -19.3261
939.365 -19.408 -19.2873
937.443 -19.2163 -19.2489
935.485 -19.5852 -19.2097
933.546 -19.3935 -19.1709
931.625 -19.2018 -19.1325
929.724 -19.0103 -19.0945
927.786 -19.3793 -19.0557
925.868 -19.1877 -19.0174
923.968 -18.9961 -18.9794
922.088 -18.8046 -18.9418
920.17 -19.1738 -18.9034
918.272 -18.9822 -18.8654
916.393 -18.7908 -18.8279
914.477 -19.1599 -18.7895
912.58 -18.9683 -18.7516
910.702 -18.7769 -18.714
908.844 -18.5855 -18.6769
906.948 -18.9547 -18.639
905.072 -18.7633 -18.6014
903.215 -18.5719 -18.5643
901.377 -18.3806 -18.5275
899.502 -18.75 -18.49
897.646 -18.5586 -18.4529
895.809 -18.3673 -18.4162
893.936 -18.7366 -18.3787
892.081 -18.5453 -18.3416
890.246 -18.354 -18.3049
888.429 -18.1629 -18.2686
886.576 -18.5323 -18.2315
884.742 -18.341 -18.1948
882.927 -18.1498 -18.1585
881.075 -18.5192 -18.1215
879.242 -18.328 -18.0848
877.429 -18.1368 -18.0486
875.634 -17.9457 -18.0127
873.803 -18.3152 -17.9761
871.99 -18.1241 -17.9398
870.197 -17.933 -17.9039
868.423 -17.742 -17.8685
866.611 -18.1116 -17.8322
864.819 -17.9205 -17.7964
863.046 -17.7295 -17.7609
861.237 -18.0991 -17.7247
859.446 -17.9081 -17.6889
857.674 -17.7171 -17.6535
855.921 -17.5262 -17.6184
854.132 -17.8959 -17.5826
852.361 -17.7049 -17.5472
850.61 -17.514 -17.5122
848.869 -17.4094 -17.4774
847.091 -17.7791 -17.4418
845.332 -17.5882 -17.4066
843.593 -17.3973 -17.3719
841.872 -17.2066 -17.3374
840.114 -17.5764 -17.3023
838.376 -17.3855 -17.2675
836.656 -17.1948 -17.2331
834.9 -17.5646 -17.198
833.162 -17.3738 -17.1632
831.444 -17.183 -17.1289
829.745 -16.9923 -17.0949
828.009 -17.3623 -17.0602
826.291 -17.1715 -17.0258
824.593 -16.9808 -16.9919
822.858 -17.3508 -16.9572
821.142 -17.16 -16.9228
819.445 -16.9693 -16.8889
817.768 -16.7788 -16.8554
816.053 -17.1488 -16.8211
814.357 -16.9581 -16.7871
812.68 -16.7675 -16.7536
811.022 -16.577 -16.7204
809.328 -16.9471 -16.6866
807.652 -16.7565 -16.653
805.995 -16.566 -16.6199
804.302 -16.9361 -16.586
802.627 -16.7455 -16.5525
800.972 -16.5551 -16.5194
799.335 -16.3646 -16.4867
797.662 -16.7348 -16.4532
796.007 -16.5443 -16.4201
794.372 -16.3539 -16.3874
792.7 -16.7241 -16.354
791.046 -16.5336 -16.3209
789.412 -16.3432 -16.2882
787.797 -16.1529 -16.2559
786.144 -16.5231 -16.2229
784.511 -16.3327 -16.1902
782.897 -16.1424 -16.1579
781.246 -16.5126 -16.1249
779.613 -16.3223 -16.0923
778 -16.1319 -16.06
776.406 -15.9417 -16.0281
774.775 -16.312 -15.9955
773.163 -16.1217 -15.9633
771.569 -15.9315 -15.9314
769.977 -15.9234 -15.8995
768.404 -15.7332 -15.8681
766.793 -16.1037 -15.8359
765.202 -15.9134 -15.804
763.63 -15.7233 -15.7726
762.02 -16.0937 -15.7404
760.43 -15.9035 -15.7086
758.859 -15.7133 -15.6772
757.306 -15.5232 -15.6461
755.717 -15.8937 -15.6143
754.147 -15.7036 -15.5829
752.595 -15.5135 -15.5519
751.007 -15.884 -15.5201
749.437 -15.6939 -15.4887
747.887 -15.5038 -15.4577
746.356 -15.3138 -15.4271
744.787 -15.6844 -15.3957
743.238 -15.4943 -15.3648
741.707 -15.3043 -15.3341
740.14 -15.6749 -15.3028
738.591 -15.4848 -15.2718
737.062 -15.2948 -15.2412
735.551 -15.1049 -15.211
734.004 -15.4756 -15.1801
732.475 -15.2856 -15.1495
730.966 -15.0957 -15.1193
729.419 -15.4663 -15.0884
727.892 -15.2763 -15.0578
726.383 -15.0864 -15.0277
724.893 -14.8966 -14.9979
723.366 -15.2673 -14.9673
721.859 -15.0774 -14.9372
720.37 -14.8876 -14.9074
718.844 -15.2583 -14.8769
717.337 -15.0684 -14.8467
715.849 -14.8786 -14.817
714.381 -14.6888 -14.7876
712.875 -15.0596 -14.7575
711.388 -14.8698 -14.7278
709.92 -14.6801 -14.6984
708.415 -15.0509 -14.6683
706.928 -14.861 -14.6386
705.461 -14.6713 -14.6092
704.013 -14.4816 -14.5803
702.528 -14.8525 -14.5506
701.062 -14.6627 -14.5212
699.614 -14.4731 -14.4923
698.13 -14.8439 -14.4626
696.664 -14.6542 -14.4333
695.218 -14.4645 -14.4044
693.791 -14.2749 -14.3758
692.326 -14.6459 -14.3465
690.88 -14.4562 -14.3176
689.454 -14.2666 -14.2891
687.99 -14.6375 -14.2598
686.545 -14.4479 -14.2309
685.119 -14.2583 -14.2024
683.712 -14.0687 -14.1742
682.268 -14.4398 -14.1454
680.843 -14.2502 -14.1169
679.437 -14.0606 -14.0887
677.994 -14.4317 -14.0599
676.57 -14.2421 -14.0314
675.165 -14.0525 -14.0033
673.778 -13.8631 -13.9756
672.355 -14.2342 -13.9471
670.951 -14.0447 -13.919
669.565 -13.8552 -13.8913
668.142 -14.2263 -13.8628
666.739 -14.0368 -13.8348
665.354 -13.8473 -13.8071
663.988 -13.6579 -13.7798
662.585 -14.0291 -13.7517
661.201 -13.8397 -13.724
659.836 -13.6503 -13.6967
658.434 -14.0215 -13.6687
657.051 -13.832 -13.641
655.687 -13.6426 -13.6137
654.341 -13.4533 -13.5868
652.959 -13.8245 -13.5592
651.595 -13.6352 -13.5319
650.251 -13.4458 -13.505
648.869 -13.8171 -13.4774
647.506 -13.6277 -13.4501
646.162 -13.4384 -13.4232
644.838 -13.2492 -13.3968
643.476 -13.6205 -13.3695
642.132 -13.4312 -13.3426
640.808 -13.2419 -13.3162
639.447 -13.6132 -13.2889
638.105 -13.4239 -13.2621
636.781 -13.2347 -13.2356
635.452 -13.2857 -13.209
634.143 -13.0965 -13.1829
632.796 -13.4678 -13.1559
631.468 -13.2786 -13.1294
630.159 -13.0894 -13.1032
628.813 -13.4607 -13.0763
627.486 -13.2715 -13.0497
626.178 -13.0823 -13.0236
624.888 -12.8932 -12.9978
623.562 -13.2646 -12.9712
622.254 -13.0754 -12.9451
620.966 -12.8863 -12.9193
619.64 -13.2577 -12.8928
618.333 -13.0685 -12.8667
617.045 -12.8794 -12.8409
615.776 -12.6903 -12.8155
614.47 -13.0618 -12.7894
613.183 -12.8727 -12.7637
611.914 -12.6836 -12.7383
610.609 -13.0551 -12.7122
609.322 -12.866 -12.6864
608.055 -12.677 -12.6611
606.806 -12.488 -12.6361
605.52 -12.8595 -12.6104
604.253 -12.6705 -12.5851
603.005 -12.4815 -12.5601
601.719 -12.853 -12.5344
600.453 -12.664 -12.5091
599.205 -12.475 -12.4841
597.921 -12.8466 -12.4584
596.655 -12.6575 -12.4331
595.408 -12.4685 -12.4082
594.18 -12.2796 -12.3836
592.915 -12.6512 -12.3583
591.669 -12.4622 -12.3334
590.442 -12.2733 -12.3088
589.177 -12.6449 -12.2835
587.932 -12.4559 -12.2586
586.705 -12.267 -12.2341
585.497 -12.0782 -12.2099
584.252 -12.4498 -12.185
583.026 -12.2609 -12.1605
581.819 -12.0721 -12.1364
580.574 -12.4437 -12.1115
579.349 -12.2548 -12.087
578.142 -12.066 -12.0628
576.953 -11.8895 -12.0391
575.727 -12.2612 -12.0145
574.52 -12.0724 -11.9904
573.332 -11.8836 -11.9666
572.106 -12.2553 -11.9421
570.899 -12.0665 -11.918
569.712 -11.8776 -11.8942
568.487 -12.2494 -11.8697
567.281 -12.0605 -11.8456
566.093 -11.8717 -11.8219
564.925 -11.683 -11.7985
563.72 -12.0548 -11.7744
562.533 -11.866 -11.7507
561.365 -11.6773 -11.7273
560.16 -12.0491 -11.7032
558.974 -11.8603 -11.6795
557.807 -11.6715 -11.6561
556.659 -11.4828 -11.6332
555.474 -11.8547 -11.6095
554.307 -11.666 -11.5861
553.159 -11.4773 -11.5632
551.974 -11.8492 -11.5395
550.808 -11.6604 -11.5162
549.661 -11.4717 -11.4932
548.477 -11.8436 -11.4695
547.311 -11.6549 -11.4462
546.165 -11.4662 -11.4233
545.037 -11.2776 -11.4007
543.872 -11.6495 -11.3774
542.726 -11.4608 -11.3545
541.599 -11.2722 -11.332
540.434 -11.6441 -11.3087
539.289 -11.4555 -11.2858
538.162 -11.2668 -11.2632
537.054 -11.0783 -11.2411
535.909 -11.4503 -11.2182
534.783 -11.2616 -11.1957
533.676 -11.0731 -11.1735
532.531 -11.4451 -11.1506
531.405 -11.2565 -11.1281
530.299 -11.0679 -11.106
529.155 -11.4399 -11.0831
528.03 -11.2513 -11.0606
526.923 -11.0627 -11.0385
525.836 -10.8742 -11.0167
524.711 -11.2462 -10.9942
523.605 -11.0577 -10.9721
522.519 -10.8692 -10.9504
521.394 -11.2412 -10.9279
520.289 -11.0527 -10.9058
519.203 -10.8642 -10.8841
518.079 -11.2362 -10.8616
516.974 -11.0477 -10.8395
515.888 -10.8592 -10.8178
514.821 -10.6707 -10.7964
513.717 -11.0428 -10.7743
512.632 -10.8543 -10.7526
511.565 -10.6659 -10.7313
510.461 -11.038 -10.7092
509.376 -10.8495 -10.6875
508.31 -10.661 -10.6662
507.215 -10.9498 -10.6443
506.139 -10.7614 -10.6228
505.082 -10.5729 -10.6016
503.987 -10.9451 -10.5797
502.912 -10.7566 -10.5582
501.855 -10.5682 -10.5371
500.817 -10.3798 -10.5163
499.742 -10.752 -10.4948
498.685 -10.5636 -10.4737
497.648 -10.3752 -10.453
496.573 -10.7474 -10.4315
495.517 -10.559 -10.4103
494.48 -10.3706 -10.3896
493.406 -10.7428 -10.3681
492.35 -10.5544 -10.347
491.314 -10.366 -10.3263
490.296 -10.1777 -10.3059
489.241 -10.5499 -10.2848
488.205 -10.3616 -10.2641
487.188 -10.1732 -10.2438
486.133 -10.5455 -10.2227
485.097 -10.3571 -10.2019
484.08 -10.1688 -10.1816
483.026 -10.5411 -10.1605
481.991 -10.3527 -10.1398
480.975 -10.1644 -10.1195
479.977 -9.97613 -10.0995
478.942 -10.3484 -10.0788
477.926 -10.1601 -10.0585
476.929 -9.97185 -10.0386
475.895 -10.3441 -10.0179
474.879 -10.1558 -9.99758
473.882 -9.96757 -9.97764
472.848 -10.3399 -9.95696
471.833 -10.1516 -9.93666
470.837 -9.9633 -9.91673
469.859 -9.7751 -9.89718
468.844 -10.1474 -9.87689
467.849 -9.95918 -9.85697
466.871 -9.77098 -9.83743
465.857 -10.1433 -9.81714
464.862 -9.95507 -9.79723
463.885 -9.76686 -9.7777
462.871 -10.1392 -9.75742
461.876 -9.95095 -9.73752
460.9 -9.76275 -9.71799
459.942 -9.5746 -9.69884
458.947 -9.94699 -9.67895
457.972 -9.75879 -9.65943
457.015 -9.57063 -9.64029
456.02 -9.94302 -9.6204
455.045 -9.75482 -9.60089
454.088 -9.56667 -9.58176
453.094 -9.93906 -9.56188
452.119 -9.75087 -9.54238
451.163 -9.56272 -9.52326
450.225 -9.37461 -9.50451
449.251 -9.74705 -9.48501
448.295 -9.5589 -9.46589
447.358 -9.3708 -9.44715
446.383 -9.74324 -9.42767
445.428 -9.55509 -9.40856
444.491 -9.36699 -9.38982
443.517 -9.73943 -9.37034
442.562 -9.55129 -9.35124
441.626 -9.36319 -9.33251
440.708 -9.17513 -9.31416
439.753 -9.54762 -9.29507
438.818 -9.35952 -9.27635
437.9 -9.17147 -9.25801
436.946 -9.54396 -9.23892
436.01 -9.35586 -9.22021
435.094 -9.16781 -9.20187
434.14 -9.5403 -9.18279
433.204 -9.3522 -9.16409
432.288 -9.16415 -9.14576
431.39 -8.97614 -9.12781
430.455 -9.34868 -9.10911
429.539 -9.16063 -9.09079
428.642 -8.97262 -9.07284
427.708 -9.34516 -9.05415
426.792 -9.15711 -9.03584
425.895 -8.96911 -9.0179
424.961 -9.34165 -8.99922
424.045 -9.1536 -8.98091
423.149 -8.9656 -8.96298
422.267 -8.8177 -8.94534
421.348 -9.19027 -8.92696
420.448 -9.00226 -8.90896
419.566 -8.81429 -8.89133
418.648 -9.18687 -8.87296
417.748 -8.99886 -8.85496
416.867 -8.81089 -8.83734
415.948 -9.18346 -8.81897
415.049 -8.99546 -8.80098
414.168 -8.80749 -8.78336
413.306 -8.61957 -8.76612
412.407 -8.99219 -8.74814
411.527 -8.80423 -8.73053
410.665 -8.61631 -8.7133
409.766 -8.98892 -8.69532
408.886 -8.80096 -8.67772
408.025 -8.61304 -8.66049
407.126 -8.98566 -8.64252
406.246 -8.7977 -8.62493
405.385 -8.60978 -8.60771
404.536 -8.49225 -8.59072
403.65 -8.8649 -8.57299
402.782 -8.67697 -8.55564
401.933 -8.48908 -8.53866
401.047 -8.86173 -8.52094
400.179 -8.67379 -8.50359
399.331 -8.4859 -8.48662
398.478 -8.52483 -8.46957
397.645 -8.33697 -8.45289
396.774 -8.70966 -8.43547
395.922 -8.52176 -8.41843
395.088 -8.3339 -8.40176
394.217 -8.70659 -8.38435
393.366 -8.51869 -8.36731
392.533 -8.33084 -8.35065
391.662 -8.70352 -8.33324
390.811 -8.51563 -8.31621
389.978 -8.32777 -8.29956
389.164 -8.13996 -8.28328
388.313 -8.51269 -8.26625
387.48 -8.32483 -8.2496
386.666 -8.13702 -8.23333
385.815 -8.50975 -8.21631
384.983 -8.3219 -8.19966
384.17 -8.13409 -8.1834
383.319 -8.50681 -8.16638
382.487 -8.31896 -8.14974
381.674 -8.13115 -8.13348
380.848 -8.26069 -8.11696
380.041 -8.07289 -8.10082
379.196 -8.44563 -8.08392
378.37 -8.2578 -8.06741
377.563 -8.07 -8.05127
376.775 -7.88225 -8.0355
375.95 -8.25503 -8.01899
375.143 -8.06723 -8.00286
374.355 -7.87948 -7.9871
373.53 -8.25226 -7.9706
372.723 -8.06446 -7.95447
371.936 -7.87671 -7.93871
371.111 -8.24949 -7.92221
370.305 -8.0617 -7.90609
369.517 -7.87395 -7.89034
368.692 -8.24673 -7.87385
367.887 -8.05894 -7.85773
367.099 -7.87119 -7.84199
366.331 -7.68347 -7.82662
365.526 -8.05629 -7.81051
364.739 -7.86854 -7.79477
363.971 -7.68083 -7.77941
363.165 -8.05365 -7.7633
362.379 -7.8659 -7.74757
361.611 -7.67819 -7.73222
360.806 -8.05101 -7.71611
360.019 -7.86326 -7.70039
359.252 -7.67555 -7.68504
358.447 -8.04838 -7.66894
357.661 -7.86063 -7.65322
356.894 -7.67292 -7.63787
356.145 -7.48525 -7.6229
355.359 -7.85811 -7.60719
354.592 -7.6704 -7.59184
353.844 -7.48273 -7.57688
353.058 -7.85559 -7.56117
352.292 -7.66788 -7.54583
351.544 -7.48021 -7.53087
350.758 -7.85308 -7.51517
349.992 -7.66537 -7.49984
349.244 -7.4777 -7.48488
348.459 -7.85056 -7.46918
347.693 -7.66286 -7.45385
346.945 -7.47519 -7.4389
346.216 -7.28756 -7.42433
345.45 -7.66046 -7.40901
344.703 -7.47279 -7.39406
343.975 -7.28516 -7.37949
343.209 -7.65806 -7.36417
342.462 -7.47039 -7.34923
341.733 -7.28276 -7.33467
340.968 -7.65567 -7.31936
340.221 -7.468 -7.30442
339.493 -7.28037 -7.28986
338.728 -7.65327 -7.27455
337.981 -7.46561 -7.25962
337.253 -7.27798 -7.24507
336.544 -7.09039 -7.23089
335.798 -7.46333 -7.21596
335.07 -7.2757 -7.20141
334.362 -7.08811 -7.18723
333.615 -7.46105 -7.17231
332.888 -7.27342 -7.15776
332.18 -7.08583 -7.14359
331.434 -7.45877 -7.12867
330.707 -7.27114 -7.11413
329.998 -7.08355 -7.09996
329.253 -7.45649 -7.08505
328.526 -7.26887 -7.07051
327.818 -7.08128 -7.05635
327.128 -6.89373 -7.04256
326.401 -7.2667 -7.02803
325.694 -7.07911 -7.01387
325.004 -6.89156 -7.00009
324.278 -7.26454 -6.98556
323.57 -7.07695 -6.97141
322.881 -6.8894 -6.95763
322.155 -7.26237 -6.9431
321.448 -7.07479 -6.92895
320.759 -6.88723 -6.91518
320.033 -7.26021 -6.90066
319.326 -7.07263 -6.88651
318.637 -6.88507 -6.87274
317.967 -6.69756 -6.85935
317.26 -7.07057 -6.84521
316.572 -6.88302 -6.83144
315.902 -6.6955 -6.81805
315.196 -7.06852 -6.80391
314.507 -6.88096 -6.79015
313.838 -6.69345 -6.77676
313.131 -7.06646 -6.76263
312.444 -6.87891 -6.74887
311.774 -6.6914 -6.73549
311.068 -7.06441 -6.72136
310.38 -6.87686 -6.70761
309.711 -6.68935 -6.69423
309.015 -6.96215 -6.6803
308.338 -6.77462 -6.66675
307.679 -6.58712 -6.65358
306.983 -6.96016 -6.63966
306.306 -6.77263 -6.62611
305.647 -6.58513 -6.61294
304.951 -6.95817 -6.59903
304.274 -6.77064 -6.58549
303.616 -6.58314 -6.57232
302.976 -6.39568 -6.55953
302.3 -6.76875 -6.54599
301.641 -6.58125 -6.53283
301.002 -6.39379 -6.52004
300.325 -6.76686 -6.50651
299.667 -6.57936 -6.49335
299.028 -6.3919 -6.48057
298.352 -6.76497 -6.46704
297.694 -6.57748 -6.45388
297.055 -6.39002 -6.4411
296.379 -6.76309 -6.42757
295.721 -6.57559 -6.41442
295.082 -6.38813 -6.40165
294.406 -6.7612 -6.38812
293.749 -6.57371 -6.37498
293.11 -6.38625 -6.3622
292.49 -6.19883 -6.34981
291.833 -6.57193 -6.33666
291.195 -6.38447 -6.32389
290.575 -6.19704 -6.3115
289.918 -6.57014 -6.29836
289.28 -6.38268 -6.28559
288.66 -6.19526 -6.2732
288.003 -6.56836 -6.26007
287.365 -6.3809 -6.24731
286.746 -6.19348 -6.23492
286.089 -6.56658 -6.22179
285.451 -6.37912 -6.20903
284.832 -6.1917 -6.19664
284.185 -6.46824 -6.18371
283.557 -6.2808 -6.17115
282.948 -6.0934 -6.15896
282.301 -6.46652 -6.14603
281.673 -6.27908 -6.13347
281.064 -6.09167 -6.12128
280.418 -6.46479 -6.10835
279.79 -6.27735 -6.0958
279.181 -6.08994 -6.08362
278.591 -5.90257 -6.07181
277.963 -6.27572 -6.05926
277.354 -6.08831 -6.04709
276.764 -5.90093 -6.03528
276.137 -6.27408 -6.02274
275.528 -6.08668 -6.01056
274.938 -5.8993 -5.99876
274.311 -6.27245 -5.98622
273.702 -6.08505 -5.97405
273.113 -5.89767 -5.96225
272.486 -6.27082 -5.94971
271.877 -6.08342 -5.93755
271.288 -5.89605 -5.92575
270.661 -6.2692 -5.91322
270.053 -6.08179 -5.90105
269.463 -5.89442 -5.88926
268.892 -5.70708 -5.87785
268.284 -6.08026 -5.86569
267.695 -5.89288 -5.8539
267.125 -5.70554 -5.84249
266.517 -6.07872 -5.83033
265.928 -5.89135 -5.81855
265.357 -5.704 -5.80714
264.749 -6.07719 -5.79499
264.16 -5.88981 -5.78321
263.59 -5.70247 -5.7718
262.983 -6.07565 -5.75965
262.394 -5.88828 -5.74788
261.824 -5.70094 -5.73647
261.216 -6.07412 -5.72433
260.628 -5.88675 -5.71255
260.058 -5.69941 -5.70115
259.478 -5.79665 -5.68956
258.917 -5.60932 -5.67834
258.319 -5.98252 -5.66638
257.739 -5.79516 -5.65479
257.179 -5.60783 -5.64357
256.58 -5.98103 -5.63161
256.001 -5.79368 -5.62002
255.44 -5.60635 -5.60881
254.866 -5.74377 -5.59732
254.31 -5.55645 -5.58621
253.717 -5.92965 -5.57435
253.143 -5.7423 -5.56286
252.588 -5.55499 -5.55175
252.05 -5.37338 -5.54101
251.476 -5.74661 -5.52951
250.92 -5.55929 -5.5184
250.383 -5.372 -5.50765
249.808 -5.74524 -5.49616
249.252 -5.55792 -5.48505
248.715 -5.37063 -5.4743
248.141 -5.74386 -5.46282
247.585 -5.55654 -5.4517
247.048 -5.36925 -5.44097
246.474 -5.74249 -5.42948
245.918 -5.55517 -5.41837
245.382 -5.36788 -5.40763
244.808 -5.74111 -5.39615
244.252 -5.5538 -5.38504
243.716 -5.36651 -5.37431
243.142 -5.73974 -5.36283
242.586 -5.55243 -5.35173
242.05 -5.36514 -5.341
241.532 -5.17788 -5.33064
240.977 -5.55114 -5.31954
240.441 -5.36385 -5.30881
239.923 -5.17659 -5.29846
239.368 -5.54985 -5.28736
238.832 -5.36256 -5.27663
238.314 -5.1753 -5.26628
237.759 -5.54856 -5.25519
237.223 -5.36128 -5.24446
236.706 -5.17402 -5.23411
236.151 -5.54728 -5.22302
235.615 -5.35999 -5.2123
235.098 -5.17273 -5.20195
234.543 -5.546 -5.19086
234.007 -5.35871 -5.18015
233.49 -5.17145 -5.1698
232.982 -5.07865 -5.15964
232.437 -5.45192 -5.14874
231.911 -5.26465 -5.13821
231.403 -5.0774 -5.12806
230.858 -5.45068 -5.11716
230.331 -5.26341 -5.10663
229.824 -5.07616 -5.09648
229.279 -5.44944 -5.08558
228.753 -5.26217 -5.07505
228.245 -5.07492 -5.0649
227.756 -4.8877 -5.05513
227.23 -5.26101 -5.04461
226.723 -5.07376 -5.03446
226.234 -4.88654 -5.02469
225.708 -5.25985 -5.01417
225.201 -5.0726 -5.00402
224.712 -4.88538 -4.99425
224.187 -5.25869 -4.98373
223.679 -5.07144 -4.97359
223.191 -4.88422 -4.96382
222.665 -5.25753 -4.95331
222.158 -5.07028 -4.94317
221.67 -4.88307 -4.9334
221.144 -5.25637 -4.92289
220.637 -5.06913 -4.91275
220.149 -4.88191 -4.90298
219.624 -5.25521 -4.89247
219.117 -5.06797 -4.88234
218.629 -4.88076 -4.87258
218.159 -4.69356 -4.86319
217.653 -5.06689 -4.85306
217.165 -4.87967 -4.8433
216.696 -4.69248 -4.83391
216.189 -5.06581 -4.82378
215.701 -4.87859 -4.81402
215.232 -4.6914 -4.80464
214.726 -5.06473 -4.79451
214.238 -4.87752 -4.78476
213.769 -4.69033 -4.77537
213.262 -5.06366 -4.76525
212.775 -4.87644 -4.75549
212.306 -4.68925 -4.74612
211.8 -5.06258 -4.73599
211.312 -4.87536 -4.72624
210.843 -4.68817 -4.71686
210.337 -5.0615 -4.70674
209.85 -4.87429 -4.69699
209.381 -4.6871 -4.68762
208.909 -4.71579 -4.67819
208.456 -4.52862 -4.66913
207.966 -4.90197 -4.65933
207.495 -4.71478 -4.6499
207.042 -4.52761 -4.64084
206.552 -4.90096 -4.63104
206.081 -4.71377 -4.62161
205.628 -4.5266 -4.61256
205.138 -4.89995 -4.60276
204.667 -4.71275 -4.59333
204.214 -4.52559 -4.58428
203.724 -4.89894 -4.57448
203.253 -4.71175 -4.56506
202.801 -4.52458 -4.55601
202.311 -4.89793 -4.54621
201.84 -4.71074 -4.53679
201.387 -4.52357 -4.52775
200.912 -4.75734 -4.51823
200.455 -4.57017 -4.50909
200.016 -4.38302 -4.50033
199.541 -4.75639 -4.49081
199.084 -4.56921 -4.48167
198.645 -4.38206 -4.47291
198.17 -4.75543 -4.4634
197.713 -4.56826 -4.45426
197.275 -4.38111 -4.4455
196.8 -4.75448 -4.43599
196.343 -4.56731 -4.42686
195.905 -4.38016 -4.4181
195.429 -4.75353 -4.40859
194.973 -4.56636 -4.39946
194.535 -4.37921 -4.3907
194.06 -4.75258 -4.38119
193.603 -4.56541 -4.37206
193.165 -4.37826 -4.36331
192.746 -4.19113 -4.35492
192.29 -4.56452 -4.34579
191.852 -4.37737 -4.33704
191.433 -4.19025 -4.32866
190.977 -4.56364 -4.31953
190.539 -4.37649 -4.31078
190.12 -4.18937 -4.3024
189.664 -4.56276 -4.29327
189.226 -4.37561 -4.28452
188.807 -4.18849 -4.27615
188.351 -4.56188 -4.26702
187.914 -4.37473 -4.25827
187.495 -4.18761 -4.2499
187.039 -4.561 -4.24078
186.601 -4.37385 -4.23203
186.183 -4.18673 -4.22365
185.727 -4.56012 -4.21453
185.289 -4.37298 -4.20579
184.871 -4.18585 -4.19742
184.415 -4.55925 -4.1883
183.978 -4.3721 -4.17955
183.559 -4.18498 -4.17118
183.159 -3.99787 -4.16319
182.722 -4.37129 -4.15445
182.304 -4.18416 -4.14608
181.904 -3.99706 -4.13808
181.467 -4.37048 -4.12934
181.049 -4.18335 -4.12098
180.649 -3.99625 -4.11298
180.212 -4.36967 -4.10424
179.794 -4.18254 -4.09588
179.394 -3.99544 -4.08789
178.958 -4.36886 -4.07915
178.539 -4.18173 -4.07079
178.14 -3.99463 -4.0628
177.703 -4.36805 -4.05406
177.285 -4.18093 -4.0457
176.886 -3.99382 -4.03771
176.449 -4.36724 -4.02898
176.031 -4.18012 -4.02062
175.632 -3.99302 -4.01263
175.195 -4.36643 -4.0039
174.777 -4.17931 -3.99554
174.378 -3.99221 -3.98756
173.997 -3.80513 -3.97994
173.579 -4.17857 -3.97159
173.18 -3.99147 -3.9636
172.8 -3.80439 -3.956
172.382 -4.17782 -3.94764
171.983 -3.99072 -3.93966
171.603 -3.80364 -3.93205
171.185 -4.17708 -3.9237
170.786 -3.98998 -3.91572
170.406 -3.8029 -3.90811
169.988 -4.17634 -3.89976
169.589 -3.98924 -3.89178
169.209 -3.80216 -3.88418
168.791 -4.1756 -3.87583
168.392 -3.9885 -3.86785
168.012 -3.80142 -3.86025
167.595 -4.17486 -3.8519
167.196 -3.98776 -3.84392
166.816 -3.80068 -3.83632
166.399 -4.17412 -3.82797
166 -3.98702 -3.82
165.62 -3.79994 -3.8124
165.202 -4.17338 -3.80405
164.804 -3.98628 -3.79608
164.424 -3.79921 -3.78848
164.063 -3.61215 -3.78125
163.664 -3.9856 -3.77328
163.284 -3.79853 -3.76569
162.923 -3.61147 -3.75846
162.525 -3.98493 -3.75049
162.145 -3.79785 -3.7429
161.784 -3.61079 -3.73568
161.385 -3.98425 -3.72771
161.006 -3.79717 -3.72011
160.645 -3.61011 -3.71289
160.246 -3.98357 -3.70493
159.867 -3.79649 -3.69733
159.506 -3.60944 -3.69011
159.107 -3.9829 -3.68215
158.728 -3.79582 -3.67456
158.367 -3.60876 -3.66734
157.969 -3.98222 -3.65937
157.589 -3.79514 -3.65178
157.228 -3.60809 -3.64457
156.83 -3.98155 -3.63661
156.451 -3.79447 -3.62902
156.09 -3.60741 -3.6218
155.692 -3.98087 -3.61384
155.313 -3.7938 -3.60625
154.952 -3.60674 -3.59904
154.61 -3.4197 -3.5922
154.231 -3.79318 -3.58461
153.87 -3.60613 -3.5774
153.528 -3.41909 -3.57056
153.149 -3.79256 -3.56298
152.788 -3.60551 -3.55577
152.446 -3.41847 -3.54893
152.067 -3.79195 -3.54135
151.707 -3.60489 -3.53414
151.365 -3.41786 -3.5273
150.986 -3.79133 -3.51972
150.625 -3.60428 -3.51251
150.284 -3.41724 -3.50567
149.905 -3.79072 -3.49809
149.544 -3.60367 -3.49089
149.203 -3.41663 -3.48405
148.824 -3.79011 -3.47647
148.463 -3.60305 -3.46927
148.122 -3.41602 -3.46243
147.743 -3.78949 -3.45485
147.382 -3.60244 -3.44765
147.041 -3.4154 -3.44082
146.662 -3.78888 -3.43324
146.302 -3.60183 -3.42604
145.96 -3.41479 -3.41921
145.594 -3.66202 -3.41188
145.247 -3.47498 -3.40493
144.918 -3.28796 -3.39836
144.552 -3.66145 -3.39104
144.204 -3.47441 -3.38409
143.876 -3.28738 -3.37751
143.509 -3.66087 -3.37019
143.162 -3.47383 -3.36324
142.833 -3.28681 -3.35667
142.467 -3.6603 -3.34935
142.12 -3.47326 -3.3424
141.791 -3.28624 -3.33583
141.425 -3.65973 -3.32851
141.078 -3.47269 -3.32156
140.75 -3.28567 -3.31499
140.384 -3.65916 -3.30767
140.037 -3.47212 -3.30073
139.708 -3.2851 -3.29416
139.342 -3.65859 -3.28684
138.995 -3.47155 -3.2799
138.667 -3.28453 -3.27333
138.357 -3.09752 -3.26714
138.01 -3.47103 -3.26019
137.681 -3.28401 -3.25363
137.372 -3.097 -3.24743
137.025 -3.47051 -3.24049
136.696 -3.28349 -3.23392
136.387 -3.09648 -3.22773
136.04 -3.46999 -3.22079
135.711 -3.28297 -3.21422
135.402 -3.09597 -3.20803
135.055 -3.46947 -3.20109
134.726 -3.28245 -3.19453
134.417 -3.09545 -3.18834
134.07 -3.46896 -3.1814
133.742 -3.28194 -3.17484
133.432 -3.09493 -3.16865
133.085 -3.46844 -3.16171
132.757 -3.28142 -3.15515
132.448 -3.09442 -3.14896
132.101 -3.46793 -3.14202
131.773 -3.28091 -3.13546
131.464 -3.0939 -3.12927
131.117 -3.46741 -3.12234
130.789 -3.28039 -3.11578
130.48 -3.09339 -3.10959
130.133 -3.4669 -3.10266
129.805 -3.27988 -3.0961
129.496 -3.09288 -3.08991
129.203 -2.92647 -3.08406
128.873 -3.29999 -3.07746
128.562 -3.11298 -3.07123
128.269 -2.926 -3.06538
127.939 -3.29952 -3.05878
127.628 -3.11251 -3.05256
127.335 -2.92553 -3.0467
127.005 -3.29905 -3.04011
126.694 -3.11205 -3.03388
126.402 -2.92506 -3.02803
126.072 -3.29858 -3.02144
125.761 -3.11158 -3.01521
125.468 -2.92459 -3.00936
125.138 -3.29811 -3.00277
124.827 -3.11111 -2.99654
124.535 -2.92412 -2.9907
124.205 -3.29765 -2.9841
123.894 -3.11064 -2.97788
123.602 -2.92366 -2.97203
123.272 -3.29718 -2.96544
122.961 -3.11018 -2.95922
122.669 -2.92319 -2.95337
122.339 -3.29672 -2.94678
122.028 -3.10971 -2.94056
121.736 -2.92273 -2.93471
121.406 -3.29625 -2.92812
121.095 -3.10925 -2.9219
120.803 -2.92226 -2.91606
120.529 -2.73529 -2.91059
120.218 -3.10883 -2.90437
119.926 -2.92184 -2.89853
119.653 -2.73487 -2.89306
119.342 -3.10841 -2.88684
119.05 -2.92142 -2.881
118.776 -2.73445 -2.87553
118.466 -3.10799 -2.86931
118.173 -2.92101 -2.86347
117.9 -2.73404 -2.858
117.589 -3.10758 -2.85179
117.297 -2.92059 -2.84594
117.024 -2.73362 -2.84048
116.713 -3.10716 -2.83426
116.421 -2.92017 -2.82842
116.148 -2.7332 -2.82296
115.837 -3.10674 -2.81674
115.545 -2.91976 -2.8109
115.272 -2.73279 -2.80544
114.961 -3.10633 -2.79923
114.669 -2.91934 -2.79339
114.396 -2.73237 -2.78792
114.085 -3.10591 -2.78171
113.794 -2.91893 -2.77587
113.52 -2.73196 -2.77041
113.21 -3.1055 -2.7642
112.918 -2.91851 -2.75836
112.645 -2.73154 -2.7529
112.334 -3.10509 -2.74669
112.043 -2.9181 -2.74085
111.769 -2.73113 -2.73539
111.472 -2.96964 -2.72945
111.194 -2.78267 -2.72388
110.935 -2.59571 -2.71869
110.638 -2.96926 -2.71275
110.359 -2.78229 -2.70719
110.1 -2.59533 -2.702
109.803 -2.96888 -2.69606
109.525 -2.78191 -2.6905
109.265 -2.59495 -2.68531
108.969 -2.9685 -2.67937
108.69 -2.78153 -2.67381
108.431 -2.59457 -2.66862
108.134 -2.96812 -2.66268
107.856 -2.78115 -2.65712
107.597 -2.59419 -2.65193
107.3 -2.96774 -2.646
107.022 -2.78077 -2.64043
106.762 -2.59381 -2.63525
106.466 -2.96736 -2.62931
106.188 -2.78039 -2.62375
105.928 -2.59343 -2.61856
105.632 -2.96699 -2.61263
105.353 -2.78001 -2.60707
105.094 -2.59306 -2.60188
104.798 -2.96661 -2.59595
104.52 -2.77964 -2.59039
104.26 -2.59268 -2.58521
104.02 -2.40574 -2.58039
103.742 -2.7793 -2.57484
103.483 -2.59234 -2.56965
103.242 -2.4054 -2.56484
102.964 -2.77896 -2.55928
102.705 -2.59201 -2.5541
102.464 -2.40506 -2.54929
102.187 -2.77863 -2.54373
101.927 -2.59167 -2.53855
101.687 -2.40473 -2.53374
101.409 -2.77829 -2.52818
101.15 -2.59134 -2.523
100.91 -2.40439 -2.51819
100.632 -2.77796 -2.51263
100.373 -2.591 -2.50745
100.132 -2.40406 -2.50264
99.8545 -2.77763 -2.49709
99.5954 -2.59067 -2.49191
99.355 -2.40373 -2.4871
99.0773 -2.77729 -2.48155
98.8182 -2.59034 -2.47636
98.5779 -2.40339 -2.47156
98.3002 -2.77696 -2.466
98.0412 -2.59 -2.46082
97.8009 -2.40306 -2.45602
97.5232 -2.77663 -2.45046
97.2643 -2.58967 -2.44529
97.024 -2.40273 -2.44048
96.7464 -2.7763 -2.43493
96.4874 -2.58934 -2.42975
96.2472 -2.4024 -2.42494
95.9696 -2.77596 -2.41939
95.7107 -2.58901 -2.41421
95.4705 -2.40207 -2.40941
95.1929 -2.77563 -2.40386
94.9341 -2.58868 -2.39868
94.6939 -2.40174 -2.39388
94.4724 -2.21481 -2.38945
94.2136 -2.58839 -2.38427
93.9734 -2.40144 -2.37947
93.752 -2.21451 -2.37504
93.4932 -2.58809 -2.36986
93.2531 -2.40115 -2.36506
93.0316 -2.21422 -2.36063
92.7728 -2.5878 -2.35546
92.5328 -2.40086 -2.35066
92.3114 -2.21393 -2.34623
92.0526 -2.58751 -2.34105
91.8126 -2.40057 -2.33625
91.5912 -2.21364 -2.33182
91.3325 -2.58722 -2.32665
91.0924 -2.40028 -2.32185
90.8711 -2.21335 -2.31742
90.6124 -2.58693 -2.31225
90.3724 -2.39999 -2.30745
90.1511 -2.21306 -2.30302
89.8925 -2.58664 -2.29785
89.6525 -2.3997 -2.29305
89.4312 -2.21277 -2.28862
89.1726 -2.58635 -2.28345
88.9326 -2.39941 -2.27865
88.7114 -2.21248 -2.27423
88.4528 -2.58606 -2.26906
88.2129 -2.39912 -2.26426
87.9916 -2.21219 -2.25983
87.7331 -2.58578 -2.25466
87.4932 -2.39883 -2.24986
87.272 -2.21191 -2.24544
87.0134 -2.58549 -2.24027
86.7736 -2.39855 -2.23547
86.5524 -2.21162 -2.23105
86.2939 -2.5852 -2.22588
86.0541 -2.39826 -2.22108
85.8329 -2.21133 -2.21666
85.582 -2.50976 -2.21164
85.3497 -2.32282 -2.20699
85.1361 -2.1359 -2.20272
84.8851 -2.50949 -2.1977
84.6529 -2.32255 -2.19306
84.4393 -2.13563 -2.18879
84.1884 -2.50922 -2.18377
83.9562 -2.32228 -2.17912
83.7426 -2.13536 -2.17485
83.4917 -2.50894 -2.16983
83.2595 -2.32201 -2.16519
83.046 -2.13509 -2.16092
82.7952 -2.50867 -2.1559
82.563 -2.32174 -2.15126
82.3495 -2.13482 -2.14699
82.0987 -2.5084 -2.14197
81.8665 -2.32147 -2.13733
81.6531 -2.13455 -2.13306
81.448 -2.05111 -2.12896
81.2055 -2.4247 -2.12411
80.9817 -2.23777 -2.11963
80.7766 -2.05086 -2.11553
80.5342 -2.42445 -2.11068
80.3104 -2.23752 -2.10621
80.1054 -2.0506 -2.10211
79.863 -2.4242 -2.09726
79.6392 -2.23727 -2.09278
79.4342 -2.05035 -2.08868
79.1918 -2.42394 -2.08384
78.9681 -2.23701 -2.07936
78.7631 -2.0501 -2.07526
78.5207 -2.42369 -2.07041
78.297 -2.23676 -2.06594
78.0921 -2.04985 -2.06184
77.8497 -2.42344 -2.05699
77.6261 -2.23651 -2.05252
77.4211 -2.0496 -2.04842
77.2227 -1.98376 -2.04445
76.987 -2.35735 -2.03974
76.7699 -2.17043 -2.0354
76.5716 -1.98352 -2.03143
76.3359 -2.35712 -2.02672
76.1189 -2.17019 -2.02238
75.9205 -1.98328 -2.01841
75.6848 -2.35688 -2.0137
75.4679 -2.16995 -2.00936
75.2695 -1.98304 -2.00539
75.0339 -2.35664 -2.00068
74.8169 -2.16972 -1.99634
74.6186 -1.9828 -1.99237
74.383 -2.3564 -1.98766
74.166 -2.16948 -1.98332
73.9678 -1.98257 -1.97936
73.7875 -1.80251 -1.97575
73.5699 -2.17611 -1.9714
73.371 -1.9892 -1.96742
73.1908 -1.8023 -1.96382
72.9732 -2.17591 -1.95946
72.7743 -1.98899 -1.95549
72.5941 -1.80209 -1.95188
72.3765 -2.1757 -1.94753
72.1776 -1.98879 -1.94355
71.9974 -1.80189 -1.93995
71.7799 -2.17549 -1.9356
71.581 -1.98858 -1.93162
71.4009 -1.80168 -1.92802
71.1833 -2.17529 -1.92367
70.9845 -1.98838 -1.91969
70.8043 -1.80148 -1.91609
70.5868 -2.17508 -1.91174
70.388 -1.98817 -1.90776
70.2079 -1.80127 -1.90416
69.9904 -2.17488 -1.89981
69.7916 -1.98797 -1.89583
69.6115 -1.80107 -1.89223
69.394 -2.17467 -1.88788
69.1953 -1.98776 -1.88391
69.0152 -1.80086 -1.8803
68.7977 -2.17447 -1.87595
68.599 -1.98756 -1.87198
68.4189 -1.80066 -1.86838
68.2015 -2.17427 -1.86403
68.0027 -1.98735 -1.86005
67.8227 -1.80045 -1.85645
67.6053 -2.17406 -1.85211
67.4066 -1.98715 -1.84813
67.2266 -1.80025 -1.84453
67.0092 -2.17386 -1.84018
66.8105 -1.98695 -1.83621
66.6305 -1.80005 -1.83261
66.4131 -2.17366 -1.82826
66.2144 -1.98675 -1.82429
66.0344 -1.79985 -1.82069
65.8171 -2.17345 -1.81634
65.6184 -1.98655 -1.81237
65.4385 -1.79965 -1.80877
65.2212 -2.17325 -1.80442
65.0225 -1.98634 -1.80045
64.8426 -1.79944 -1.79685
64.6772 -1.65404 -1.79354
64.4744 -2.02766 -1.78949
64.2903 -1.84075 -1.78581
64.1249 -1.65386 -1.7825
63.9222 -2.02748 -1.77844
63.7381 -1.84058 -1.77476
63.5728 -1.65368 -1.77146
63.37 -2.0273 -1.7674
63.186 -1.8404 -1.76372
63.0206 -1.65351 -1.76041
62.8179 -2.02712 -1.75636
62.6339 -1.84022 -1.75268
62.4686 -1.65333 -1.74937
62.2659 -2.02694 -1.74532
62.0819 -1.84004 -1.74164
61.9166 -1.65315 -1.73833
61.7139 -2.02677 -1.73428
61.5299 -1.83987 -1.7306
61.3646 -1.65298 -1.72729
61.1619 -2.02659 -1.72324
60.978 -1.83969 -1.71956
60.8127 -1.6528 -1.71625
60.6101 -2.02641 -1.7122
60.4261 -1.83951 -1.70852
60.2608 -1.65262 -1.70522
60.0582 -2.02624 -1.70116
59.8743 -1.83934 -1.69749
59.709 -1.65245 -1.69418
59.5064 -2.02606 -1.69013
59.3225 -1.83916 -1.68645
59.1573 -1.65227 -1.68315
58.9547 -2.02589 -1.67909
58.7708 -1.83899 -1.67542
58.6056 -1.6521 -1.67211
58.403 -2.02571 -1.66806
58.2191 -1.83881 -1.66438
58.0539 -1.65192 -1.66108
57.8514 -2.02554 -1.65703
57.6675 -1.83864 -1.65335
57.5024 -1.65175 -1.65005
57.3467 -1.55623 -1.64693
57.1537 -1.92985 -1.64307
56.9794 -1.74296 -1.63959
56.8238 -1.55607 -1.63648
56.6309 -1.92969 -1.63262
56.4566 -1.7428 -1.62913
56.301 -1.55591 -1.62602
56.108 -1.92953 -1.62216
55.9338 -1.74264 -1.61868
55.7782 -1.55575 -1.61556
55.5853 -1.92937 -1.61171
55.411 -1.74248 -1.60822
55.2555 -1.55559 -1.60511
55.0625 -1.92921 -1.60125
54.8883 -1.74232 -1.59777
54.7328 -1.55544 -1.59466
54.5399 -1.92906 -1.5908
54.3656 -1.74216 -1.58731
54.2101 -1.55528 -1.5842
54.0172 -1.9289 -1.58034
53.843 -1.742 -1.57686
53.6875 -1.55512 -1.57375
53.4946 -1.92874 -1.56989
53.3205 -1.74185 -1.56641
53.165 -1.55496 -1.5633
52.9721 -1.92858 -1.55944
52.7979 -1.74169 -1.55596
52.6425 -1.55481 -1.55285
52.4979 -1.44509 -1.54996
52.3161 -1.81871 -1.54632
52.1529 -1.63182 -1.54306
52.0084 -1.44494 -1.54017
51.8265 -1.81857 -1.53653
51.6634 -1.63168 -1.53327
51.5189 -1.4448 -1.53038
51.337 -1.81843 -1.52674
51.1739 -1.63154 -1.52348
51.0294 -1.44466 -1.52059
50.8476 -1.81829 -1.51695
50.6845 -1.6314 -1.51369
50.54 -1.44452 -1.5108
50.3582 -1.81815 -1.50716
50.1951 -1.63126 -1.5039
50.0506 -1.44438 -1.50101
49.8688 -1.81801 -1.49738
49.7057 -1.63112 -1.49411
49.5613 -1.44424 -1.49123
49.3795 -1.81787 -1.48759
49.2164 -1.63098 -1.48433
49.072 -1.4441 -1.48144
48.8902 -1.81773 -1.4778
48.7271 -1.63084 -1.47454
48.5827 -1.44396 -1.47165
48.401 -1.81759 -1.46802
48.2379 -1.6307 -1.46476
48.0935 -1.44382 -1.46187
47.9118 -1.81745 -1.45824
47.7487 -1.63056 -1.45497
47.6044 -1.44368 -1.45209
47.4226 -1.81731 -1.44845
47.2596 -1.63042 -1.44519
47.1152 -1.44355 -1.4423
46.9778 -1.37396 -1.43956
46.8031 -1.74759 -1.43606
46.647 -1.56071 -1.43294
46.5096 -1.37383 -1.43019
46.3349 -1.74746 -1.4267
46.1788 -1.56058 -1.42358
46.0415 -1.3737 -1.42083
45.8667 -1.74733 -1.41733
45.7107 -1.56045 -1.41421
45.5733 -1.37358 -1.41147
45.3986 -1.74721 -1.40797
45.2426 -1.56032 -1.40485
45.1052 -1.37345 -1.4021
44.9305 -1.74708 -1.39861
44.7745 -1.5602 -1.39549
44.6372 -1.37332 -1.39274
44.4625 -1.74695 -1.38925
44.3065 -1.56007 -1.38613
44.1691 -1.37319 -1.38338
43.9945 -1.74682 -1.37989
43.8385 -1.55994 -1.37677
43.7012 -1.37307 -1.37402
43.5585 -1.42668 -1.37117
43.4345 -1.23981 -1.36869
43.2732 -1.61344 -1.36546
43.1305 -1.42657 -1.36261
43.0065 -1.2397 -1.36013
42.8452 -1.61333 -1.3569
42.7026 -1.42646 -1.35405
42.5786 -1.23959 -1.35157
42.4173 -1.61322 -1.34835
42.2746 -1.42635 -1.34549
42.1507 -1.23948 -1.34301
41.9894 -1.61311 -1.33979
41.8468 -1.42624 -1.33694
41.7228 -1.23937 -1.33446
41.5615 -1.613 -1.33123
41.4189 -1.42613 -1.32838
41.295 -1.23926 -1.3259
41.1337 -1.61289 -1.32267
40.9911 -1.42602 -1.31982
40.8672 -1.23915 -1.31734
40.7059 -1.61278 -1.31412
40.5633 -1.42591 -1.31127
40.4394 -1.23904 -1.30879
40.2781 -1.61268 -1.30556
40.1356 -1.4258 -1.30271
40.0117 -1.23893 -1.30023
39.8504 -1.61257 -1.29701
39.7078 -1.42569 -1.29416
39.584 -1.23882 -1.29168
39.4227 -1.61246 -1.28845
39.2801 -1.42558 -1.2856
39.1563 -1.23872 -1.28313
38.995 -1.61235 -1.2799
38.8525 -1.42548 -1.27705
38.7286 -1.23861 -1.27457
38.5674 -1.61224 -1.27135
38.4249 -1.42537 -1.2685
38.301 -1.2385 -1.26602
38.1398 -1.61214 -1.2628
37.9973 -1.42526 -1.25995
37.8734 -1.23839 -1.25747
37.7122 -1.61203 -1.25424
37.5697 -1.42515 -1.25139
37.4459 -1.23829 -1.24892
37.2847 -1.61192 -1.24569
37.1422 -1.42505 -1.24284
37.0184 -1.23818 -1.24037
36.8823 -1.36084 -1.23765
36.7649 -1.17397 -1.2353
36.6101 -1.54761 -1.2322
36.4741 -1.36074 -1.22948
36.3567 -1.17387 -1.22713
36.2019 -1.54751 -1.22404
36.0659 -1.36064 -1.22132
35.9485 -1.17377 -1.21897
35.7937 -1.54741 -1.21587
35.6577 -1.36054 -1.21315
35.5403 -1.17368 -1.21081
35.3856 -1.54731 -1.20771
35.2495 -1.36044 -1.20499
35.1322 -1.17358 -1.20264
34.9775 -1.54722 -1.19955
34.8414 -1.36034 -1.19683
34.7241 -1.17348 -1.19448
34.5694 -1.54712 -1.19139
34.4333 -1.36025 -1.18867
34.316 -1.17338 -1.18632
34.1613 -1.54702 -1.18323
34.0253 -1.36015 -1.18051
33.908 -1.17328 -1.17816
33.7633 -1.44652 -1.17527
33.6373 -1.25965 -1.17275
33.5301 -1.07279 -1.1706
33.3854 -1.44643 -1.16771
33.2595 -1.25956 -1.16519
33.1522 -1.0727 -1.16304
33.0076 -1.44634 -1.16015
32.8816 -1.25948 -1.15763
32.7744 -1.07262 -1.15549
32.6297 -1.44626 -1.15259
32.5038 -1.25939 -1.15008
32.3965 -1.07253 -1.14793
32.2519 -1.44617 -1.14504
32.126 -1.2593 -1.14252
32.0187 -1.07244 -1.14037
31.8741 -1.44609 -1.13748
31.7482 -1.25922 -1.13496
31.641 -1.07236 -1.13282
31.4964 -1.446 -1.12993
31.3705 -1.25913 -1.12741
31.2632 -1.07227 -1.12526
31.1186 -1.44592 -1.12237
30.9927 -1.25905 -1.11985
30.8855 -1.07219 -1.11771
30.7409 -1.44583 -1.11482
30.615 -1.25896 -1.1123
30.5078 -1.0721 -1.11016
30.3633 -1.44575 -1.10727
30.2374 -1.25888 -1.10475
30.1302 -1.07202 -1.1026
29.9856 -1.44566 -1.09971
29.8597 -1.2588 -1.09719
29.7525 -1.07194 -1.09505
29.608 -1.44558 -1.09216
29.4821 -1.25871 -1.08964
29.3749 -1.07185 -1.0875
29.2304 -1.4455 -1.08461
29.1045 -1.25863 -1.08209
28.9973 -1.07177 -1.07995
28.8528 -1.44541 -1.07706
28.7269 -1.25854 -1.07454
28.6198 -1.07169 -1.0724
28.5086 -1.11147 -1.07017
28.4162 -0.924615 -1.06832
28.2863 -1.29826 -1.06573
28.1752 -1.1114 -1.0635
28.0827 -0.924546 -1.06165
27.9529 -1.29819 -1.05906
27.8418 -1.11133 -1.05684
27.7493 -0.924477 -1.05499
27.6195 -1.29812 -1.05239
27.5084 -1.11126 -1.05017
27.416 -0.924408 -1.04832
27.2861 -1.29806 -1.04572
27.175 -1.11119 -1.0435
27.0826 -0.92434 -1.04165
26.9528 -1.29799 -1.03906
26.8417 -1.11113 -1.03683
26.7493 -0.924272 -1.03499
26.6195 -1.29792 -1.03239
26.5084 -1.11106 -1.03017
26.4159 -0.924204 -1.02832
26.2862 -1.29785 -1.02572
26.1751 -1.11099 -1.0235
26.0826 -0.924136 -1.02165
25.9529 -1.29778 -1.01906
25.8418 -1.11092 -1.01684
25.7494 -0.924069 -1.01499
25.6196 -1.29772 -1.01239
25.5085 -1.11086 -1.01017
25.4161 -0.924002 -1.00832
25.2863 -1.29765 -1.00573
25.1753 -1.11079 -1.00351
25.0829 -0.923935 -1.00166
24.9531 -1.29758 -0.999062
24.842 -1.11072 -0.996841
24.7496 -0.923868 -0.994993
24.6199 -1.29752 -0.992398
24.5088 -1.11066 -0.990177
24.4165 -0.923801 -0.988329
24.2867 -1.29745 -0.985734
24.1756 -1.11059 -0.983513
24.0833 -0.923735 -0.981665
23.9535 -1.29738 -0.979071
23.8425 -1.11052 -0.97685
23.7501 -0.923669 -0.975002
23.6204 -1.29732 -0.972408
23.5093 -1.11046 -0.970187
23.417 -0.923603 -0.96834
23.2873 -1.29725 -0.965745
23.1762 -1.11039 -0.963524
23.0839 -0.923537 -0.961677
22.9541 -1.29719 -0.959083
22.8431 -1.11033 -0.956862
22.7508 -0.923472 -0.955015
22.6211 -1.29712 -0.952421
22.51 -1.11026 -0.950201
22.4177 -0.923407 -0.948354
22.288 -1.29706 -0.94576
22.177 -1.1102 -0.943539
22.0846 -0.923342 -0.941693
21.9549 -1.29699 -0.939099
21.8439 -1.11013 -0.936878
21.7516 -0.923277 -0.935032
21.6219 -1.29693 -0.932438
21.5109 -1.11007 -0.930218
21.4186 -0.923213 -0.928371
21.2973 -1.21234 -0.925947
21.1948 -1.02548 -0.923896
21.1109 -0.838632 -0.922218
20.9897 -1.21228 -0.919794
20.8871 -1.02543 -0.917743
20.8033 -0.838575 -0.916066
20.6821 -1.21223 -0.913641
20.5795 -1.02537 -0.911591
20.4957 -0.838518 -0.909914
20.3745 -1.21217 -0.907489
20.2719 -1.02531 -0.905439
20.1881 -0.838462 -0.903762
20.0669 -1.21211 -0.901337
19.9643 -1.02526 -0.899287
19.8805 -0.838406 -0.89761
19.7593 -1.21206 -0.895186
19.6568 -1.0252 -0.893136
19.5729 -0.83835 -0.891459
19.4517 -1.212 -0.889035
19.3492 -1.02514 -0.886985
19.2654 -0.838294 -0.885308
19.1442 -1.21194 -0.882884
19.0417 -1.02509 -0.880834
18.9579 -0.838238 -0.879158
18.8367 -1.21189 -0.876734
18.7342 -1.02503 -0.874684
18.6504 -0.838183 -0.873007
18.5292 -1.21183 -0.870584
18.4267 -1.02498 -0.868534
18.3429 -0.838127 -0.866857
18.2217 -1.21178 -0.864434
18.1192 -1.02492 -0.862384
18.0354 -0.838072 -0.860708
17.9142 -1.21172 -0.858284
17.8117 -1.02487 -0.856235
17.7279 -0.838018 -0.854559
17.6068 -1.21167 -0.852135
17.5043 -1.02481 -0.850086
17.4205 -0.837963 -0.84841
17.2993 -1.21161 -0.845987
17.1969 -1.02476 -0.843937
17.1131 -0.837909 -0.842261
17.0049 -1.08185 -0.840098
16.9154 -0.895002 -0.838307
16.8446 -0.708155 -0.836891
16.7364 -1.08181 -0.834728
16.6469 -0.894957 -0.832938
16.5761 -0.708111 -0.831521
16.4679 -1.08177 -0.829358
16.3784 -0.894913 -0.827568
16.3076 -0.708067 -0.826152
16.1994 -1.08172 -0.823989
16.1099 -0.89487 -0.822199
16.0391 -0.708023 -0.820783
15.931 -1.08168 -0.818619
15.8415 -0.894826 -0.81683
15.7707 -0.70798 -0.815414
15.6625 -1.08163 -0.81325
15.573 -0.894783 -0.811461
15.5023 -0.707936 -0.810045
15.3941 -1.08159 -0.807882
15.3046 -0.89474 -0.806092
15.2338 -0.707893 -0.804677
15.1257 -1.08155 -0.802514
15.0362 -0.894697 -0.800724
14.9654 -0.70785 -0.799308
14.8573 -1.0815 -0.797145
14.7678 -0.894654 -0.795356
14.697 -0.707807 -0.79394
14.5889 -1.08146 -0.791778
14.4994 -0.894611 -0.789988
14.4286 -0.707765 -0.788573
14.3205 -1.08142 -0.78641
14.231 -0.894568 -0.784621
14.1603 -0.707722 -0.783205
14.0521 -1.08138 -0.781043
13.9627 -0.894526 -0.779254
13.8919 -0.70768 -0.777838
13.7838 -1.08134 -0.775676
13.6943 -0.894484 -0.773887
13.6236 -0.707638 -0.772471
13.5154 -1.08129 -0.770309
13.426 -0.894442 -0.76852
13.3552 -0.707596 -0.767105
13.2471 -1.08125 -0.764942
13.1577 -0.8944 -0.763153
13.0869 -0.707554 -0.761738
12.9788 -1.08121 -0.759576
12.8894 -0.894359 -0.757787
12.8186 -0.707513 -0.756372
12.7105 -1.08117 -0.75421
12.6211 -0.894317 -0.752421
12.5503 -0.707471 -0.751006
12.4422 -1.08113 -0.748844
12.3528 -0.894276 -0.747055
12.282 -0.70743 -0.74564
12.1739 -1.08109 -0.743478
12.0845 -0.894235 -0.74169
12.0138 -0.707389 -0.740275
11.9056 -1.08104 -0.738113
11.8162 -0.894194 -0.736325
11.7455 -0.707348 -0.73491
11.6374 -1.081 -0.732748
11.548 -0.894153 -0.73096
11.4772 -0.707308 -0.729545
11.3692 -1.08096 -0.727383
11.2797 -0.894113 -0.725595
11.209 -0.707267 -0.72418
11.1009 -1.08092 -0.722018
11.0115 -0.894073 -0.72023
10.9408 -0.707227 -0.718816
10.8327 -1.08088 -0.716654
10.7433 -0.894032 -0.714866
10.6726 -0.707187 -0.713452
10.5668 -1.05831 -0.711335
10.4796 -0.871457 -0.709592
10.4111 -0.684612 -0.708223
10.3053 -1.05827 -0.706106
10.2182 -0.871419 -0.704363
10.1497 -0.684574 -0.702994
10.0439 -1.05823 -0.700878
9.95676 -0.871381 -0.699135
9.8883 -0.684536 -0.697766
9.78248 -1.05819 -0.69565
9.69535 -0.871343 -0.693907
9.6269 -0.684499 -0.692538
9.52108 -1.05815 -0.690422
9.43395 -0.871306 -0.688679
9.36551 -0.684461 -0.68731
9.28109 -0.844152 -0.685622
9.21536 -0.657308 -0.684307
9.11226 -1.03096 -0.682245
9.02785 -0.844116 -0.680557
8.96213 -0.657272 -0.679243
8.85903 -1.03093 -0.677181
8.77462 -0.844081 -0.675492
8.7089 -0.657237 -0.674178
8.60581 -1.03089 -0.672116
8.52141 -0.844046 -0.670428
8.45569 -0.657202 -0.669114
8.3526 -1.03086 -0.667052
8.2682 -0.844011 -0.665364
8.20248 -0.657167 -0.66405
8.0994 -1.03082 -0.661988
8.015 -0.843976 -0.6603
7.94929 -0.657132 -0.658986
7.87319 -0.761026 -0.657464
7.81577 -0.574184 -0.656315
7.72098 -0.947843 -0.65442
7.64488 -0.760997 -0.652898
7.58747 -0.574155 -0.651749
7.49269 -0.947814 -0.649854
7.41659 -0.760968 -0.648332
7.35918 -0.574126 -0.647184
7.2644 -0.947785 -0.645288
7.18831 -0.760939 -0.643766
7.1309 -0.574097 -0.642618
7.03612 -0.947756 -0.640722
6.96003 -0.76091 -0.639201
6.90262 -0.574068 -0.638052
6.80785 -0.947727 -0.636157
6.73176 -0.760881 -0.634635
6.67436 -0.57404 -0.633487
6.57959 -0.947699 -0.631592
6.5035 -0.760853 -0.63007
6.4461 -0.574011 -0.628922
6.35133 -0.94767 -0.627027
6.27525 -0.760825 -0.625505
6.21785 -0.573983 -0.624357
6.12309 -0.947642 -0.622462
6.04701 -0.760796 -0.62094
5.98961 -0.573955 -0.619792
5.89485 -0.947614 -0.617897
5.81878 -0.760768 -0.616376
5.76138 -0.573927 -0.615228
5.66662 -0.947586 -0.613332
5.59055 -0.76074 -0.611811
5.53316 -0.573899 -0.610663
5.43841 -0.947558 -0.608768
5.36233 -0.760713 -0.607247
5.30495 -0.573871 -0.606099
5.21019 -0.947531 -0.604204
5.13413 -0.760685 -0.602683
5.07674 -0.573844 -0.601535
4.98199 -0.947503 -0.59964
4.90592 -0.760658 -0.598118
4.84854 -0.573816 -0.596971
4.7538 -0.947476 -0.595076
4.67773 -0.76063 -0.593555
4.62035 -0.573789 -0.592407
4.52561 -0.947448 -0.590512
4.44955 -0.760603 -0.588991
4.39217 -0.573762 -0.587843
4.29743 -0.947421 -0.585949
4.22137 -0.760576 -0.584427
4.164 -0.573735 -0.58328
4.06926 -0.947395 -0.581385
3.9932 -0.760549 -0.579864
3.93583 -0.573708 -0.578717
3.85039 -0.854426 -0.577008
3.78363 -0.667583 -0.575673
3.73556 -0.480744 -0.574711
3.65012 -0.854405 -0.573002
3.58336 -0.667562 -0.571667
3.53529 -0.480722 -0.570706
3.44985 -0.854383 -0.568997
3.3831 -0.667541 -0.567662
3.33503 -0.480701 -0.566701
3.24959 -0.854362 -0.564992
3.18284 -0.66752 -0.563657
3.13477 -0.48068 -0.562695
3.04934 -0.854342 -0.560987
2.98259 -0.667499 -0.559652
2.93452 -0.48066 -0.55869
2.84909 -0.854321 -0.556982
2.78234 -0.667478 -0.555647
2.73428 -0.480639 -0.554686
2.64885 -0.8543 -0.552977
2.5821 -0.667457 -0.551642
2.53404 -0.480618 -0.550681
2.44861 -0.85428 -0.548972
2.38187 -0.667437 -0.547637
2.33381 -0.480598 -0.546676
2.24838 -0.854259 -0.544968
2.18164 -0.667417 -0.543633
2.13358 -0.480578 -0.542672
2.04816 -0.854239 -0.540963
1.98142 -0.667396 -0.539628
1.93336 -0.480558 -0.538667
1.84794 -0.854219 -0.536959
1.7812 -0.667376 -0.535624
1.73315 -0.480538 -0.534663
1.64773 -0.854199 -0.532955
1.58099 -0.667357 -0.53162
1.53294 -0.480518 -0.530659
1.44752 -0.854179 -0.52895
1.38079 -0.667337 -0.527616
1.33274 -0.480498 -0.526655
1.24733 -0.85416 -0.524947
1.18059 -0.667317 -0.523612
1.13255 -0.480479 -0.522651
1.04713 -0.85414 -0.520943
0.980402 -0.667298 -0.519608
0.932356 -0.480459 -0.518647
0.846944 -0.854121 -0.516939
0.780216 -0.667278 -0.515604
0.732172 -0.48044 -0.514643
0.646762 -0.854101 -0.512935
0.580036 -0.667259 -0.511601
0.531994 -0.480421 -0.51064
0.446586 -0.854082 -0.508932
